27741066
29460167
29989989
29993503
29993532
29993591
29994378
30067607
30098123
30106711
30130180
30199417
30295634
30299231
30300751
30302589
30306701
30316669
30318761
30325845
30332595
30334786
30334789
30338477
30349958
30366140
30367322
30379570
30381863
30390512
30391345
30397632
30398430
30399507
30418891
30418929
30421020
30422086
30426362
30430422
30445200
30447397
30448734
30452432
30453032
30460529
30471068
30471464
30477892
30497907
30506124
30507498
30529224
30536611
30539342
30548601
30561278
30561355
30575046
30582529
30584016
30597561
30601030
30604101
30610422
30631979
30635290
30638590
30652985
30653397
30654174
30662564
30670024
30676950
30676952
30680471
30682584
30689990
30707177
30712604
30719445
30719536
30734849
30734932
30735860
30737827
30758682
30758694
30763637
30771712
30773473
30776671
30778739
30799848
30800504
30802232
30802813
30802855
30803208
30804774
30811739
30819638
30821364
30821810
30826448
30835218
30835220
30847821
30849350
30854458
30856455
30859341
30863524
30864310
30870733
30871687
30877390
30877461
30883275
30885592
30889282
30898382
30900029
30902248
30909118
30911364
30921550
30922901
30924997
30926444
30928472
30929130
30929254
30948806
30951557
30954678
30956687
30963340
30967985
30972686
30976081
30979022
30982683
30990179
30996009
31001458
31002381
31002562
31003034
31003928
31007742
31011772
31011954
31013481
31016442
31016467
31020576
31025248
31031657
31032544
31035406
31038407
31041565
31044393
31046514
31048129
31050074
31062113
31062266
31066686
31074449
31075042
31076620
31080211
31081955
31083289
31087327
31087332
31093368
31093705
31093956
31096135
31098732
31102462
31105339
31110472
31119468
31128410
31129095
31130215
31131293
31134366
31141794
31150950
31151901
31153323
31153390
31153553
31156187
31168427
31170065
31172331
31190607
31197738
31199249
31200290
31200519
31200913
31202569
31210661
31211791
31217099
31217131
31218516
31220358
31220576
31221034
31227682
31227844
31229940
31230076
31236362
31240721
31243869
31251300
31260494
31264017
31275101
31275106
31278787
31279167
31284442
31292287
31299053
31302456
31307017
31313397
31316369
31323597
31323604
31324579
31340134
31342192
31348204
31350980
31352015
31352126
31353336
31356693
31358808
31360599
31366998
31375430
31390040
31391038
31391132
31395487
31395546
31396352
31396974
31401723
31407214
31416547
31417397
31418157
31420832
31424279
31425026
31425350
31430590
31443556
31451989
31454710
31465788
31466261
31466398
31468158
31474816
31482272
31483764
31491832
31493112
31505046
31505380
31507022
31513631
31515752
31521248
31521323
31529506
31537506
31538277
31547368
31549323
31552787
31557361
31558622
31562158
31567561
31575409
31585302
31586812
31592731
31598978
31600691
31602087
31603807
31607348
31608975
31619949
31620549
31623996
31627178
31630233
31634769
31634822
31635910
31636195
31637430
31648967
31654174
31659587
31669758
31671711
31673961
31673998
31675151
31676931
31681457
31683260
31689221
31689276
31691122
31696269
31697697
31698241
31710769
31710775
31714194
31718998
31720307
31725371
31728935
31732864
31734325
31741704
31744039
31747373
31754634
31762533
31762534
31765915
31768415
31768885
31778088
31780395
31787874
31788807
31794419
31799050
31803346
31804183
31809468
31811343
31811363
31811981
31813050
31816152
31821122
31822970
31824982
31828361
31830973
31834910
31837471
31841950
31842071
31845845
31850209
31851961
31853385
31853395
31853655
31856050
31856051
31863034
31865021
31865281
31865510
31865928
31867599
31871932
31876738
31877173
31883064
31884181
31884904
31899419
31900702
31901213
31904391
31905225
31911737
31913272
31916105
31920928
31921971
31923125
31927500
31929952
31939003
31941918
31945615
31945637
31946028
31946036
31946301
31946304
31946314
31946640
31947124
31947269
31947273
31947385
31950301
31950330
31958630
31969525
31970706
31976600
31980109
31981283
31982393
31982789
32000101
32001294
32009868
32017118
32019371
32020649
32021737
32030769
32033462
32038146
32038150
32042789
32043177
32046073
32053552
32055946
32056126
32062157
32062801
32064559
32065285
32072260
32075744
32076658
32076659
32080093
32082370
32082701
32086583
32092710
32096706
32098860
32101464
32103888
32108113
32109685
32116837
32117728
32121281
32127625
32130734
32132913
32133239
32133950
32135443
32139272
32139611
32142416
32143797
32146346
32160848
32164153
32167652
32168039
32168163
32170334
32171912
32173583
32176675
32179311
32181729
32182595
32183748
32185129
32190744
32191588
32192460
32194821
32203040
32203649
32205218
32208428
32210685
32219151
32220743
32222054
32232524
32234081
32235058
32235882
32239521
32240409
32240877
32243657
32244855
32247778
32248114
32248132
32249336
32250852
32255417
32256555
32259762
32265682
32277478
32278690
32278847
32280729
32285220
32293775
32294604
32296645
32298265
32303861
32304291
32304338
32314027
32315264
32318015
32318102
32322196
32322235
32325284
32326730
32329074
32330923
32331359
32335686
32337640
32337662
32339081
32339129
32341846
32348367
32350661
32352039
32355731
32356484
32357201
32358643
32372384
32372385
32375101
32378776
32380147
32382048
32385375
32387813
32391274
32395494
32397844
32399602
32402466
32408222
32416697
32417618
32418221
32422577
32425607
32426340
32429401
32433121
32439844
32440926
32442866
32443922
32444412
32445550
32446037
32446943
32447144
32452736
32452907
32452927
32454879
32462445
32464565
32470854
32471017
32473783
32477040
32477677
32484093
32484573
32485640
32487083
32488865
32492582
32495125
32498641
32499330
32500277
32502278
32503330
32504345
32505895
32506212
32507394
32508974
32512507
32524219
32524787
32524789
32527998
32528215
32529143
32529578
32531719
32532925
32533053
32533794
32537025
32545609
32547939
32548298
32549802
32550134
32554922
32556481
32556920
32556922
32558816
32559211
32560558
32562286
32566988
32568668
32568676
32568685
32568730
32569310
32573116
32583085
32583277
32590373
32592003
32594208
32595465
32597828
32598263
32601367
32603223
32604042
32604588
32604679
32606487
32609562
32613598
32615440
32615493
32617321
32617690
32621243
32622304
32622740
32622747
32623274
32624700
32625048
32635409
32642655
32650363
32651351
32655715
32658721
32658723
32658726
32659918
32664836
32674041
32674042
32676784
32681214
32681268
32681587
32682084
32683550
32683551
32691326
32692300
32694449
32694451
32696253
32702895
32702902
32703988
32704611
32705083
32705434
32707207
32708419
32712524
32712571
32714766
32715584
32717577
32721409
32721827
32723240
32729263
32729810
32730212
32730214
32730918
32733955
32737389
32738913
32742134
32743020
32745977
32746057
32748751
32749222
32749555
32750929
32750930
32752225
32755163
32755895
32757455
32757633
32761899
32767102
32768042
32768047
32773965
32775302
32776232
32784681
32787937
32788705
32789756
32793889
32794015
32795485
32796198
32796848
32797089
32797664
32801096
32802150
32813309
32813661
32818081
32818267
32821488
32824765
32825442
32828440
32831492
32832202
32832577
32833639
32836613
32836918
32837245
32837679
32837749
32839096
32841766
32842922
32842937
32848533
32850373
32855839
32857203
32857594
32858281
32862015
32862314
32863584
32864172
32864596
32865533
32875431
32879756
32884962
32886955
32887391
32888382
32889091
32893924
32894137
32894711
32896633
32904395
32906089
32906091
32907561
32907811
32911276
32914606
32915752
32916543
32920530
32924031
32926392
32930606
32937104
32937801
32938394
32939590
32940026
32941954
32946400
32952988
32953512
32953730
32953971
32959422
32960772
32961401
32962829
32967291
32968881
32969025
32973192
32974088
32974414
32974688
32976486
32977180
32982116
32982121
32982989
32986647
32989773
32990513
32991288
32995596
32996707
33001309
33001810
33004625
33006703
33006947
33007769
33007929
33013292
33014355
33014579
33014597
33014612
33014725
33015100
33018193
33018217
33018224
33018225
33018230
33018252
33018283
33018308
33018310
33018319
33018327
33018334
33018338
33018364
33018367
33019208
33019508
33025044
33029634
33031250
33037212
33037291
33038076
33039971
33041409
33041635
33043324
33045323
33045649
33048183
33050251
33053202
33060886
33062453
33062802
33065566
33068873
33074746
33075637
33075638
33075675
33078094
33078999
33079909
33081694
33081700
33082502
33086589
33087739
33088315
33091743
33092589
33094432
33094867
33100482
33101003
33108475
33108801
33109920
33110113
33117612
33119899
33120238
33120595
33123938
33127624
33129142
33129149
33129343
33132536
33136540
33137624
33139813
33140257
33141001
33141003
33148512
33150471
33152716
33156775
33159279
33164982
33165630
33166256
33168496
33168936
33169050
33169545
33170789
33176335
33178593
33179173
33179176
33179605
33179610
33183141
33185307
33186809
33190102
33191476
33191687
33192159
33192206
33192235
33194447
33194680
33195111
33198415
33199977
33200991
33201278
33202680
33203366
33206226
33210900
33219347
33219624
33221057
33221674
33224893
33225476
33229343
33230395
33230503
33232368
33239695
33239711
33240068
33240975
33241513
33241522
33242010
33243829
33250589
33250789
33250847
33252079
33255308
33257700
33259442
33259973
33260113
33269413
33270746
33275588
33276433
33277670
33279356
33279760
33283209
33285482
33286289
33286662
33286802
33293182
33293590
33298549
33300162
33302162
33303289
33304104
33309302
33309304
33309556
33310694
33311535
33317528
33317871
33317911
33320858
33321153
33322559
33323187
33323271
33328058
33328124
33329357
33329940
33330341
33331995
33332979
33335111
33335244
33336093
33337584
33339385
33339630
33344471
33346145
33350717
33350891
33351771
33360973
33361557
33362346
33370236
33371874
33372243
33373298
33373815
33374377
33378585
33390662
33392030
33392358
33396415
33398067
33401581
33404516
33407448
33408793
33409782
33409816
33410639
33411267
33415015
33418117
33418383
33420092
33420641
33420912
33421920
33422464
33422894
33425046
33428062
33430797
33433332
33433395
33437173
33438626
33439313
33440674
33440798
33441825
33445641
33446163
33448905
33449887
33450660
33455900
33459907
33461446
33465405
33469691
33471165
33476487
33479859
33481071
33481459
33482430
33485057
33485074
33486337
33486368
33487885
33489117
33490248
33492267
33492478
33492598
33496876
33498908
33502624
33504310
33511425
33514412
33514852
33517817
33518812
33518824
33520007
33523309
33524220
33524957
33524958
33525122
33527000
33527035
33527788
33529589
33532893
33532975
33533273
33537334
33540873
33543442
33545330
33545639
33546279
33547343
33547549
33547645
33550010
33550213
33551735
33553330
33556604
33557772
33559862
33560190
33561508
33562011
33562309
33563200
33564322
33565027
33569413
33569617
33571002
33571095
33571634
33573572
33578089
33579858
33581624
33582175
33584016
33584183
33585197
33585511
33588019
33589862
33591476
33591922
33594159
33596552
33598377
33599801
33603047
33603193
33606779
33610001
33613111
33616757
33617390
33618420
33619361
33619712
33619828
33621179
33623535
33623929
33629156
33630876
33631317
33633139
33633213
33634027
33635412
33637807
33638189
33638457
33641077
33643425
33643612
33646948
33649375
33651768
33655844
33656574
33658025
33658806
33658944
33662804
33663479
33664111
33665002
33665717
33668646
33670317
33670596
33674891
33674979
33677163
33678583
33678623
33679343
33680212
33680351
33680628
33682736
33686474
33686820
33687839
33689107
33694250
33705321
33706112
33706149
33708925
33709532
33710798
33713959
33714850
33718148
33718766
33719168
33723584
33726909
33727623
33727984
33731417
33732553
33735087
33735088
33735451
33738253
33738595
33738639
33740739
33741850
33744990
33747417
33747600
33749862
33757198
33757906
33758127
33760269
33761380
33761389
33763816
33767226
33768221
33770561
33774272
33774339
33777347
33778095
33778635
33780867
33782844
33784518
33784599
33785852
33787537
33788696
33789137
33791225
33793650
33796604
33797468
33798819
33799219
33799509
33801994
33803297
33804609
33809665
33809972
33810066
33816373
33816954
33816957
33817018
33819478
33820755
33821092
33821166
33824681
33825207
33826549
33826769
33828610
33831594
33834092
33836449
33837806
33838900
33842890
33845433
33846160
33846450
33846685
33847813
33848244
33848755
33848756
33848973
33849811
33850864
33857181
33859129
33859222
33862564
33863534
33864189
33867774
33869635
33875452
33875900
33878887
33879976
33882255
33883488
33885165
33885991
33895621
33897053
33906185
33908045
33912622
33913675
33915472
33915960
33916035
33918453
33919358
33919447
33921451
33921652
33924549
33927208
33928493
33932241
33932645
33932717
33932751
33933899
33934065
33934177
33936504
33936577
33937437
33937439
33937787
33937792
33937795
33937809
33937830
33937838
33939609
33946022
33954175
33956178
33957235
33957774
33959965
33961635
33962109
33963421
33965836
33967366
33968281
33968399
33969487
33971427
33971956
33973835
33974149
33974545
33976457
33977113
33979115
33981945
33983385
33984782
33986459
33988925
33991170
33993335
33994628
33994894
33995252
33996224
33996237
33996583
34003056
34003137
34003394
34003757
34003990
34003996
34004495
34006910
34007305
34011107
34012621
34014818
34018011
34018932
34020097
34022421
34022696
34026597
34028466
34030542
34030743
34032344
34033549
34033550
34035193
34035386
34035410
34036304
34038818
34040274
34040276
34040283
34042194
34042706
34042760
34049268
34049336
34051438
34055034
34055098
34055710
34057419
34061732
34062633
34062762
34064240
34067101
34067462
34067937
34068528
34069328
34069362
34070579
34072865
34075316
34075341
34075548
34076857
34078566
34079578
34079717
34079932
34080105
34082280
34082413
34083655
34086565
34086716
34087611
34087705
34089072
34089524
34090428
34092495
34092815
34094903
34095073
34095168
34097708
34098339
34101609
34101842
34101845
34101855
34102477
34107467
34108114
34108787
34109325
34111263
34113656
34113843
34113927
34114064
34114091
34115822
34117018
34117783
34118592
34118752
34120010
34120072
34121998
34122144
34122531
34126504
34127245
34127892
34127912
34129688
34131560
34131794
34134076
34135949
34136087
34136106
34136394
34136814
34136817
34136818
34138724
34139438
34141888
34142088
34142089
34143775
34144309
34145374
34146799
34147593
34149118
34149343
34149385
34150660
34153870
34153950
34157276
34157470
34157638
34158001
34159761
34164472
34164743
34171641
34171743
34173008
34173314
34177037
34177038
34178095
34178641
34181310
34183684
34184181
34185057
34185166
34188605
34188680
34191159
34191590
34197318
34198041
34198284
34198402
34199790
34200270
34200332
34200832
34201045
34202607
34206103
34206336
34206540
34207145
34208548
34209366
34211104
34212255
34217980
34218292
34219953
34220289
34220480
34222368
34226795
34226832
34227014
34227422
34229061
34229143
34229998
34232350
34234822
34235005
34235105
34235439
34235441
34235955
34238951
34245203
34245943
34245995
34246848
34248531
34249142
34249658
34249680
34254200
34255730
34259149
34259591
34260415
34260970
34262044
34262118
34262424
34263624
34264351
34266391
34267414
34268100
34268489
34269609
34274267
34274689
34274693
34276114
34276262
34276391
34277724
34277769
34279835
34286375
34287213
34287944
34287951
34288527
34289438
34290333
34290979
34293095
34293465
34295809
34295877
34298796
34298824
34300667
34305523
34305777
34306240
34306588
34310293
34311473
34311742
34312463
34312594
34314421
34315148
34315698
34318502
34321491
34322573
34322693
34324425
34324463
34325378
34326868
34328531
34329864
34330117
34330269
34330278
34333270
34334965
34335865
34336600
34336661
34337432
34337433
34337590
34337773
34339378
34341737
34342365
34343744
34345118
34345248
34347537
34348922
34350052
34350249
34350405
34350408
34350410
34350412
34354553
34354943
34358534
34359296
34362317
34362695
34364263
34365313
34365472
34367532
34370886
34374181
34375365
34376721
34376926
34381322
34381586
34381723
34385089
34385898
34385900
34387227
34388460
34388462
34388465
34388467
34388469
34388625
34388626
34388855
34390938
34393210
34393718
34394762
34394887
34395149
34395156
34401477
34402248
34404517
34411910
34412602
34412614
34412837
34412848
34413967
34418108
34421341
34422034
34422088
34422120
34422549
34422778
34422985
34423071
34425317
34426629
34428169
34429791
34430677
34431249
34432188
34432726
34435099
34435702
34439623
34441318
34441340
34441350
34442431
34447527
34449713
34449750
34450381
34450416
34450699
34450802
34450898
34451100
34453341
34456369
34456796
34457034
34458200
34459973
34460371
34460557
34460593
34460769
34463809
34465308
34469001
34469432
34469808
34470404
34476208
34476540
34478565
34478913
34482428
34483709
34483791
34490055
34490082
34490222
34493208
34496322
34500139
34502702
34502769
34504140
34506979
34507303
34508120
34508976
34511691
34511738
34512240
34513220
34513279
34517352
34517512
34518161
34518740
34519888
34520988
34521691
34522068
34526447
34526733
34528263
34530335
34530336
34533669
34534974
34536633
34536634
34536635
34539221
34548173
34548850
34552707
34555555
34556677
34557979
34563507
34565412
34565730
34568027
34569886
34572813
34573163
34573899
34573931
34574005
34574017
34574053
34574073
34574873
34575679
34588493
34589528
34591793
34592696
34594482
34598000
34598869
34599377
34599654
34601310
34601660
34601899
34603980
34604036
34606451
34608186
34608379
34609703
34610501
34613925
34615666
34616895
34617022
34617025
34617026
34617029
34617036
34619582
34619675
34621144
34623738
34625834
34626333
34626908
34627926
34629814
34629991
34629992
34629993
34636634
34636931
34638020
34638445
34640973
34642640
34642754
34643779
34644684
34646158
34649147
34650183
34651046
34651229
34653254
34655238
34655259
34655898
34657211
34658481
34661294
34663260
34663440
34663762
34665277
34666289
34666714
34666874
34667233
34668251
34668769
34669518
34669582
34669702
34670749
34671416
34673842
34674280
34679484
34679554
34683149
34683166
34687347
34689630
34690556
34692189
34695931
34696066
34707347
34709561
34710175
34710872
34710891
34712461
34715519
34715678
34716372
34716809
34719494
34720309
34720753
34721065
34721823
34721825
34723206
34723902
34727258
34727340
34729970
34731775
34733239
34733603
34734373
34734889
34735458
34736173
34736226
34737066
34737335
34741906
34742108
34745371
34745513
34749629
34749636
34751740
34751744
34753116
34753454
34757907
34763146
34763804
34763810
34764547
34764553
34764554
34764564
34764567
34764584
34764590
34764605
34764620
34764864
34765542
34770366
34770574
34770595
34772972
34773242
34773767
34776805
34777193
34777680
34778056
34778083
34778923
34779139
34780042
34781234
34782727
34784540
34785076
34785991
34786077
34786292
34786568
34786615
34787109
34788124
34790343
34790569
34792476
34795793
34796224
34799630
34800337
34803550
34804446
34804450
34805297
34806195
34809589
34811644
34812352
34812359
34812364
34812368
34812388
34813479
34813989
34814345
34814936
34817635
34817732
34818637
34818638
34820029
34820301
34821963
34822325
34824098
34825875
34828081
34829478
34833556
34833710
34834515
34834566
34837030
34837826
34838263
34839210
34840382
34842842
34842959
34843536
34852007
34853586
34854930
34855604
34858113
34859369
34859704
34859922
34861618
34862094
34864582
34867117
34867726
34868521
34868946
34869438
34870211
34870213
34870218
34871894
34871936
34873241
34873435
34873594
34873672
34874934
34875512
34876763
34877735
34879818
34882890
34883343
34883977
34885246
34887708
34888191
34888228
34888699
34888942
34889645
34890013
34890061
34891736
34891782
34891790
34891792
34891795
34891796
34891828
34891847
34891852
34891864
34891869
34891877
34891914
34891926
34891930
34891933
34891938
34891950
34892014
34892125
34892386
34892432
34892549
34894558
34898796
34898850
34899175
34899225
34899510
34900197
34902610
34907749
34907762
34908638
34909050
34911846
34912716
34912820
34917168
34917933
34918143
34919075
34921619
34923098
34924632
34924987
34926175
34926416
34926501
34927174
34929344
34931154
34933123
34935652
34938819
34940736
34943443
34943580
34943615
34945278
34945740
34950933
34951844
34952282
34952535
34953357
34956575
34957742
34957947
34958422
34961458
34966463
34968700
34970309
34970330
34970608
34971978
34973583
34974232
34975263
34975444
34975455
34976555
34976558
34976794
34979295
34979404
34982041
34983100
34986785
34988593
34988656
34989484
34991993
34992127
34992676
34993146
34993572
34997167
34998070
34999015
34999414
35002014
35002099
35003844
35003848
35005197
35007754
35008177
35009710
35009793
35009911
35013485
35013502
35014900
35017056
35020016
35020590
35020923
35021316
35024009
35025904
35027941
35028122
35029078
35029631
35032039
35035092
35037969
35038994
35039756
35040674
35040676
35042664
35043367
35043611
35046766
35047149
35047635
35049843
35052273
35052328
35052801
35053031
35053538
35054290
35054330
35054348
35055316
35059804
35061759
35061993
35062611
35063711
35063892
35064446
35064786
35064945
35068707
35069413
35069786
35069953
35071275
35071345
35071462
35072813
35075334
35076612
35077902
35079228
35081273
35083500
35083528
35083756
35084208
35085952
35087078
35087174
35089420
35090845
35091332
35092598
35093968
35094221
35094674
35095015
35095211
35096129
35096135
35096899
35098262
35099572
35100427
35101727
35103391
35103420
35104321
35104686
35106324
35107306
35108415
35110593
35110631
35111616
35115577
35115991
35116074
35118164
35119589
35120463
35125606
35128111
35129088
35132970
35136286
35137330
35138509
35139447
35140257
35140277
35140773
35140903
35143286
35144242
35144529
35146433
35146436
35146437
35147414
35148262
35149255
35150067
35150132
35155194
35155465
35155637
35156216
35157332
35157711
35157782
35161486
35161507
35161653
35162424
35164888
35167152
35172022
35172090
35172227
35172253
35173191
35176595
35177020
35177029
35178233
35179554
35181263
35181681
35182291
35183876
35186359
35186603
35190850
35194056
35194673
35194737
35197110
35197468
35197504
35198526
35199210
35201409
35201517
35203433
35204321
35204365
35204404
35204436
35204479
35204552
35204619
35204621
35204639
35207017
35207631
35207796
35207797
35210447
35210490
35211838
35211930
35212436
35213110
35213377
35213545
35214451
35217942
35218039
35218428
35220076
35220529
35221779
35222880
35226601
35228147
35228781
35232390
35233180
35233181
35235381
35237892
35238972
35239494
35240789
35241258
35241288
35243343
35246986
35247336
35247730
35249120
35250180
35250818
35250988
35251762
35257013
35257285
35259636
35259709
35260715
35261366
35261555
35262842
35265300
35265922
35270913
35271304
35271382
35272217
35274211
35274218
35277804
35278123
35280342
35280708
35280801
35280828
35281546
35281604
35281945
35282363
35282403
35282821
35283815
35286265
35286501
35286619
35287616
35288282
35288579
35290509
35290646
35290810
35290811
35291425
35291673
35292056
35293240
35295595
35299683
35300519
35301516
35303756
35305027
35305447
35307003
35307554
35308524
35308920
35310011
35310099
35310201
35310449
35310959
35311111
35311127
35312077
35314636
35314648
35317128
35320090
35320587
35320771
35323674
35326275
35326972
35328245
35328249
35328262
35328288
35328292
35328318
35332916
35333254
35333316
35334315
35336513
35339951
35340753
35341149
35341212
35341267
35342179
35342956
35344077
35344109
35344803
35345362
35345493
35345522
35345875
35349542
35355847
35357541
35359200
35359626
35360265
35360418
35360446
35360477
35360478
35360550
35360838
35362751
35364383
35364582
35364712
35366470
35367775
35368227
35368292
35368855
35368931
35368959
35368962
35370462
35371333
35371952
35371983
35372415
35372431
35372832
35373881
35378436
35378906
35378943
35380492
35381046
35381895
35382107
35382156
35384552
35385832
35386114
35388331
35388950
35389528
35390723
35390746
35391768
35391776
35392952
35394183
35394186
35395606
35396712
35401411
35402498
35404811
35405110
35406419
35406501
35408340
35419076
35419818
35420299
35422402
35422751
35425064
35428335
35428990
35429716
35430853
35430973
35431458
35431785
35433024
35433961
35434261
35440609
35441530
35442883
35442886
35445285
35446300
35447195
35447610
35451311
35453826
35453855
35453870
35454365
35454914
35454949
35455101
35455654
35458896
35461128
35461974
35462216
35462631
35463234
35463761
35464416
35464874
35465212
35465213
35467572
35468494
35469220
35469472
35471179
35474916
35475912
35483227
35487442
35489140
35489145
35489237
35494041
35495882
35495884
35498184
35498198
35500498
35500505
35501705
35502379
35503850
35505442
35509437
35509859
35510177
35511758
35512532
35513242
35520102
35522787
35524089
35525213
35525857
35527621
35529253
35529263
35530047
35530343
35533164
35535190
35535230
35536056
35536493
35536819
35544487
35551127
35551345
35557568
35557839
35559377
35561701
35562596
35562633
35562705
35565258
35568690
35568820
35571081
35571692
35571726
35571991
35572385
35572829
35573265
35573661
35575610
35576824
35577876
35578678
35578861
35580067
35581408
35581409
35582210
35582211
35583712
35584757
35585118
35585773
35586673
35588012
35588664
35588680
35589847
35592256
35592700
35595784
35596805
35596813
35597029
35597030
35598831
35600347
35602136
35603368
35606152
35609213
35612228
35613604
35614363
35615731
35616643
35616733
35618195
35618740
35620201
35621894
35621895
35622223
35623313
35624544
35625002
35625967
35626158
35626201
35626298
35626328
35626379
35630053
35632050
35632351
35633492
35633505
35633922
35636355
35636357
35640389
35641181
35641505
35645776
35646192
35648374
35651528
35652116
35654878
35655831
35657969
35659387
35659446
35661280
35665277
35667154
35667619
35669917
35671679
35672719
35673102
35674824
35674825
35677026
35678861
35680755
35680968
35683577
35684587
35684871
35684918
35686901
35689486
35689982
35690536
35692429
35692515
35692695
35693545
35694573
35694707
35694948
35695860
35696341
35697345
35698586
35698723
35703566
35705663
35705930
35709559
35709711
35711073
35712004
35712454
35713339
35713606
35713815
35717560
35717830
35720439
35720715
35720905
35720929
35721019
35721308
35722028
35725824
35726103
35726811
35726812
35727837
35732167
35733770
35734777
35738236
35740487
35740588
35740620
35741292
35741314
35741521
35741650
35743782
35746208
35746389
35747775
35747810
35748898
35750324
35750976
35751196
35751697
35753106
35753936
35754515
35755443
35756267
35756412
35756852
35756960
35757482
35763149
35765410
35765538
35767116
35767979
35768751
35769411
35769667
35770126
35770958
35771263
35771385
35772232
35772330
35773100
35774412
35774437
35774780
35777084
35780601
35781919
35781967
35782963
35783351
35783623
35783915
35784006
35784186
35785081
35785184
35785662
35785776
35787927
35787928
35788757
35790841
35792337
35793571
35794172
35794537
35795700
35795879
35797580
35797792
35799961
35800236
35800237
35801446
35802370
35807203
35808911
35809407
35810508
35810561
35810587
35813856
35814362
35814415
35814761
35821428
35821878
35822177
35822949
35830745
35832843
35833351
35834050
35838509
35840769
35842738
35843726
35844979
35847481
35847603
35851322
35851828
35852311
35852738
35853048
35854766
35859144
35860294
35862326
35864282
35864986
35865746
35867303
35868034
35868050
35870296
35872945
35873825
35874855
35875199
35877363
35877637
35878485
35878599
35878722
35880010
35880443
35882966
35884345
35885433
35885437
35885468
35885560
35885584
35885745
35887524
35888037
35891111
35892477
35892504
35892518
35893113
35894026
35894542
35896367
35896558
35898877
35899511
35900376
35901600
35903037
35903435
35903535
35904589
35905038
35905310
35905666
35906437
35906477
35907966
35909203
35909590
35909858
35910043
35910809
35911847
35911915
35913591
35914362
35914993
35919069
35919705
35921712
35923153
35925854
35925871
35928014
35930139
35931872
35936760
35938604
35939301
35939912
35940159
35942177
35942198
35942441
35942449
35943339
35945982
35946944
35951641
35952897
35953082
35953588
35953633
35954461
35957222
35957985
35958478
35958763
35960339
35962007
35962266
35962982
35963191
35964421
35965589
35965800
35966243
35966529
35968248
35968409
35969934
35974062
35975618
35976392
35976596
35978087
35978811
35978855
35980454
35981138
35982646
35983158
35983528
35983992
35985185
35985188
35985297
35986073
35986808
35987060
35987726
35990126
35990197
35990533
35990616
35991584
35991920
35994932
35996535
35996574
35996649
35996653
35997607
35997926
35998185
35999467
35999992
36001537
36003072
36004884
36004893
36005465
36009130
36010174
36010183
36010194
36010226
36010265
36010288
36010373
36011123
36013557
36016288
36016875
36016997
36017768
36017838
36018533
36028066
36029551
36030621
36033449
36033453
36033565
36033583
36033604
36033909
36035283
36035291
36036857
36039092
36039494
36042322
36045956
36046057
36048319
36048435
36048541
36051279
36052039
36052054
36052321
36052402
36054274
36055156
36055163
36055243
36056069
36057227
36057788
36059280
36059415
36061007
36061600
36062060
36063346
36064682
36067631
36068184
36070544
36071368
36072731
36072854
36073938
36077686
36078380
36079086
36080940
36081709
36082205
36082344
36083928
36084487
36085330
36085607
36085720
36085739
36085747
36085753
36085759
36086219
36086447
36086586
36087510
36087795
36088814
36090283
36092784
36093418
36093674
36093719
36096822
36097024
36097497
36097771
36098483
36098642
36099419
36099657
36105290
36105388
36105664
36105824
36106446
36109146
36111158
36114898
36115098
36115105
36118133
36118683
36120413
36120746
36121183
36122302
36125375
36126515
36126660
36128254
36129222
36129645
36134900
36135403
36138025
36138422
36139616
36140475
36140502
36140618
36140645
36141413
36142563
36143464
36147628
36147663
36147867
36148416
36148621
36150781
36152565
36156956
36158647
36158659
36158870
36158956
36161156
36163451
36168324
36169966
36170446
36170844
36172575
36173078
36175153
36177546
36177618
36178349
36179657
36179700
36180035
36180066
36183637
36187450
36187893
36188482
36190937
36191395
36192349
36192521
36194719
36196946
36198225
36199694
36199795
36200353
36201136
36202023
36202411
36202934
36203247
36204530
36204533
36204543
36206697
36207084
36207089
36208095
36209283
36211704
36212141
36212443
36212877
36213659
36214848
36215291
36215849
36217534
36219163
36219519
36219722
36222324
36223710
36225596
36228144
36229252
36229338
36230750
36236674
36236757
36238476
36240594
36240660
36242993
36243705
36244303
36245837
36245930
36248019
36248650
36248685
36249048
36249050
36251150
36253581
36254789
36255487
36255800
36256284
36256783
36257964
36258715
36263062
36264314
36265933
36266403
36266650
36267466
36269913
36271699
36273078
36274507
36275805
36275840
36277300
36278391
36279353
36279768
36283656
36285284
36285339
36289038
36289241
36289390
36290867
36291282
36291964
36292003
36292164
36292167
36292173
36292194
36292226
36292230
36296677
36298186
36299266
36299467
36299828
36301547
36303574
36303784
36304332
36306391
36306575
36306584
36307444
36307914
36308503
36310022
36310764
36311489
36312010
36312034
36313252
36313647
36315381
36319968
36321246
36324135
36326618
36326937
36327857
36328943
36330417
36333598
36334393
36334976
36335227
36335751
36335787
36337881
36338581
36338695
36343061
36343408
36344633
36345087
36345765
36346095
36346097
36351349
36352008
36353321
36354559
36354565
36355196
36356823
36357437
36357530
36357627
36358875
36359413
36359471
36359503
36360490
36365900
36368120
36368464
36368975
36370581
36370592
36370597
36370635
36371579
36372697
36372871
36375407
36381767
36383528
36383743
36384040
36384059
36385486
36386384
36387085
36387261
36387304
36388230
36395472
36396839
36399164
36400261
36401636
36403310
36404568
36406463
36406625
36407116
36409317
36409398
36412688
36419044
36419451
36419870
36423532
36424266
36424437
36426577
36428569
36428948
36428954
36430133
36431117
36433430
36433541
36433595
36434060
36434070
36434397
36434508
36435055
36437762
36437821
36438275
36440818
36441108
36442167
36442272
36442609
36447082
36447168
36447954
36452488
36454916
36457510
36457806
36458946
36460220
36460708
36461517
36461822
36461839
36462906
36463674
36465096
36469151
36470698
36471022
36472536
36473647
36478311
36481760
36483179
36495014
36496525
36502546
36502764
36503715
36504726
36505076
36505371
36505814
36505893
36507139
36507230
36507318
36507529
36509806
36512440
36514476
36516516
36517762
36520181
36520552
36522521
36523363
36523644
36524065
36525914
36526533
36526680
36527276
36528673
36529908
36530682
36531076
36532287
36532806
36532848
36534622
36535217
36539234
36539779
36541557
36541915
36543003
36543901
36544067
36544709
36544802
36545511
36545743
36546583
36547067
36548288
36550975
36550989
36551017
36552061
36553070
36553199
36553221
36553224
36553864
36553891
36554228
36555950
36556024
36556097
36559970
36560216
36561211
36562006
36563341
36564643
36564724
36566995
36568257
36568847
36568975
36570730
36571602
36574111
36574537
36574592
36574598
36576543
36576545
36580181
36580220
36580684
36583550
36583911
36584604
36585957
36586176
36587290
36588550
36588765
36588775
36590098
36590099
36590235
36590762
36591693
36593139
36593991
36594835
36595270
36596937
36598674
36598690
36603416
36604366
36604467
36605558
36606077
36611368
36611393
36611396
36611454
36611459
36612309
36614812
36617076
36617796
36618887
36619218
36619376
36620152
36622401
36622465
36623316
36623332
36624184
36624826
36625882
36627175
36627339
36627354
36627518
36629980
36630071
36631349
36633675
36635120
36635594
36639236
36640529
36641040
36644478
36645508
36646808
36647150
36650356
36650800
36651358
36651936
36652722
36653367
36655272
36656132
36658376
36661691
36662108
36671578
36672281
36672306
36672430
36672641
36672656
36672999
36673080
36673122
36673578
36673913
36674023
36675327
36675435
36675697
36680601
36681311
36682106
36682152
36685338
36686559
36690902
36690972
36691030
36692159
36692205
36693359
36695903
36697456
36699283
36699534
36701964
36703930
36704734
36705919
36708267
36708286
36709332
36709519
36711044
36712319
36712355
36712955
36713615
36716039
36717727
36717988
36721408
36723705
36725719
36725720
36728041
36728678
36732337
36734478
36736182
36737273
36738705
36740272
36741058
36742993
36743439
36743790
36743792
36744216
36751567
36752170
36756162
36762417
36763209
36763843
36765086
36765615
36765908
36766537
36766587
36766655
36769653
36772394
36772510
36772733
36772882
36773119
36773426
36776082
36776294
36776955
36776966
36778038
36778519
36785834
36786905
36788196
36789136
36789248
36790820
36791140
36791551
36792647
36792654
36793539
36794074
36797543
36800112
36802858
36806042
36806541
36807381
36807576
36811035
36811125
36815006
36816391
36816568
36816972
36819249
36819253
36819263
36819277
36820793
36825823
36826956
36826961
36827870
36828944
36828951
36829634
36829688
36829697
36829709
36829724
36830712
36831380
36831810
36831891
36832103
36832106
36832137
36832138
36832151
36832156
36832192
36832215
36832288
36832292
36833124
36836415
36836437
36841304
36842222
36843903
36844950
36845701
36846527
36847756
36848011
36848765
36849622
36849746
36850583
36850889
36853302
36854872
36856092
36856903
36859498
36859660
36859730
36862751
36863883
36864930
36865001
36869102
36869160
36869656
36870441
36872505
36873937
36876362
36878134
36878470
36879285
36880944
36881548
36883646
36890698
36892643
36893081
36894697
36895439
36896335
36897658
36898146
36899978
36900008
36900339
36900667
36901273
36905102
36907040
36908158
36908250
36909593
36910161
36910488
36910507
36910524
36911280
36911283
36912139
36914501
36915310
36919656
36920520
36921480
36923036
36924291
36924533
36926367
36926411
36928398
36929090
36929398
36933075
36933315
36934383
36935744
36935854
36936770
36937493
36937671
36939953
36943484
36944601
36945733
36949356
36950474
36958233
36958239
36959318
36959806
36964477
36965182
36968291
36970245
36970595
36970887
36970908
36972072
36972243
36972630
36976403
36976438
36978011
36978673
36978711
36978749
36978754
36979210
36979657
36979738
36979780
36980440
36980463
36980486
36980707
36981320
36981354
36983137
36983226
36983728
36988164
36990529
36991276
36992851
36994152
36996601
36997134
36998725
36999810
37001583
37005476
37007200
37009697
37010777
37011258
37012131
37013422
37014502
37015600
37015641
37015701
37016416
37018304
37018519
37018527
37021317
37022248
37022418
37022710
37024858
37025385
37027274
37027632
37027657
37028037
37028237
37028281
37028999
37029169
37029272
37030798
37030821
37031755
37032383
37032417
37032921
37035520
37037147
37039688
37040784
37043319
37046121
37046434
37046438
37046530
37046537
37046538
37046542
37046553
37046576
37046801
37051194
37052658
37052912
37055334
37056345
37056389
37058323
37059889
37060446
37061117
37061591
37063491
37064158
37064362
37065503
37066943
37067576
37068084
37068317
37069451
37071250
37078037
37079128
37079936
37080813
37081008
37081528
37085580
37086637
37087370
37087517
37088699
37089598
37089895
37090446
37092210
37093263
37093501
37095310
37097142
37101176
37103022
37106637
37106662
37106689
37109505
37115222
37116670
37121951
37121983
37122366
37122374
37122853
37122858
37122956
37124508
37125604
37128453
37129296
37129723
37129960
37130128
37132318
37133084
37134000
37134002
37139562
37141655
37142654
37142819
37143945
37145248
37146265
37148350
37149448
37149920
37151901
37152013
37152810
37154952
37155222
37155461
37156977
37158943
37161130
37161172
37161245
37163066
37166578
37167806
37167980
37170031
37171681
37172946
37173930
37174914
37174953
37174968
37174975
37174985
37175045
37177652
37177830
37177832
37179688
37179923
37179937
37181405
37183577
37184500
37186214
37186897
37189520
37189585
37189608
37190567
37191921
37193247
37193804
37196386
37197944
37199791
37201155
37201442
37203536
37203787
37204949
37206038
37206148
37207799
37208383
37208407
37210151
37212468
37213273
37213305
37213321
37214240
37215381
37216716
37216735
37217163
37217770
37219619
37220492
37221360
37221409
37222027
37222638
37222771
37223324
37223677
37224137
37224605
37225612
37226013
37228896
37231912
37237599
37237625
37238157
37238207
37238266
37239025
37240793
37244145
37244234
37247318
37248309
37250528
37251234
37251492
37253355
37253895
37255750
37255920
37256795
37258516
37263108
37268850
37269414
37271051
37271636
37272287
37272639
37273912
37274226
37274239
37274423
37275359
37276106
37277270
37277706
37279185
37283785
37284077
37284102
37284124
37284168
37289245
37289274
37290819
37291384
37293347
37293874
37295902
37296239
37296683
37296806
37296938
37300043
37300357
37300935
37305126
37307643
37307847
37308995
37311794
37313141
37314916
37321243
37321334
37321875
37322046
37322299
37323471
37324063
37325712
37326816
37326817
37328753
37329802
37330356
37331824
37332035
37332865
37333009
37333825
37336431
37336707
37337101
37338739
37339027
37340038
37340248
37343728
37344684
37346304
37346802
37346824
37347482
37347626
37348439
37354807
37355932
37356488
37358061
37358356
37358613
37360135
37360153
37362230
37362644
37362648
37362653
37362672
37362699
37362702
37362706
37362712
37362724
37362744
37362765
37363343
37364366
37365850
37366554
37367938
37368121
37368800
37370560
37370621
37370645
37370752
37370889
37370944
37370945
37370989
37371810
37372646
37374292
37378946
37384290
37386289
37386966
37387218
37388644
37389609
37389610
37393538
37395800
37396440
37398160
37399667
37401906
37403945
37404620
37404797
37407729
37410472
37413855
37413977
37414254
37414257
37416306
37416843
37416918
37418789
37420558
37420765
37420812
37421596
37424490
37424493
37424918
37425349
37425854
37426622
37427350
37427585
37431438
37431592
37431848
37434729
37434766
37434971
37436866
37437591
37437805
37439250
37440160
37443158
37443333
37443600
37443670
37443676
37444502
37447649
37448515
37448542
37448543
37448546
37448800
37449711
37450069
37451250
37452930
37453274
37454342
37454556
37455684
37456282
37456326
37456691
37458631
37458971
37460615
37460894
37461358
37464200
37466185
37467800
37468553
37469843
37470945
37474615
37477673
37479140
37480547
37480549
37483059
37483538
37485276
37486440
37488094
37489854
37490302
37491543
37491956
37492175
37492242
37492669
37492670
37493322
37496739
37497811
37498011
37498386
37498483
37499296
37499478
37500173
37504495
37504815
37504817
37506845
37507581
37507610
37508850
37508897
37508978
37509513
37510967
37511824
37514624
37516208
37517314
37519206
37522981
37523623
37523918
37524065
37525821
37526548
37528654
37532752
37544941
37545750
37546407
37546855
37547396
37547408
37547409
37547613
37549456
37549965
37550543
37551346
37552648
37552697
37553486
37553619
37555141
37555147
37555151
37555158
37555251
37561535
37562802
37564098
37564702
37565126
37565449
37566820
37567211
37567228
37568477
37568821
37568852
37568868
37568918
37568946
37571490
37571654
37573646
37576094
37578434
37578917
37581046
37581061
37581080
37581173
37581714
37582829
37587160
37587819
37589902
37590282
37591161
37594684
37595522
37595684
37598632
37602253
37602316
37604079
37605627
37606573
37606663
37609311
37612178
37612321
37614342
37615766
37616143
37620849
37622561
37623009
37623018
37623691
37623695
37627200
37627784
37627835
37627855
37627856
37627857
37627909
37627946
37631562
37633787
37634074
37634221
37635985
37642722
37643447
37643927
37644987
37646463
37646791
37647890
37651615
37652014
37652263
37652543
37657204
37657758
37658141
37658883
37658890
37660217
37661425
37662267
37664757
37665121
37665389
37666922
37668089
37668941
37669158
37669295
37670066
37670143
37670164
37670740
37671060
37672056
37672075
37673060
37673585
37674097
37679806
37680621
37680944
37681965
37684278
37685306
37685310
37685311
37685359
37685365
37687825
37688038
37688435
37688618
37691210
37692093
37692824
37693178
37696184
37696216
37696265
37697236
37697262
37698959
37700250
37700385
37703431
37703717
37704805
37707402
37707410
37708019
37708209
37709003
37710208
37711207
37711738
37711777
37711798
37711811
37713022
37713999
37714020
37715993
37716219
37716245
37717365
37717420
37718372
37719872
37720352
37720936
37722143
37723572
37723872
37724118
37724967
37726561
37728034
37729826
37729827
37731760
37732221
37733068
37734140
37735892
37738180
37740046
37740091
37742486
37744954
37745095
37745529
37745691
37746067
37746086
37747455
37749388
37750179
37754933
37754944
37754951
37756174
37756305
37758754
37758908
37759189
37759791
37759856
37759920
37760117
37760146
37760174
37760413
37760468
37760882
37761320
37761342
37761345
37761354
37761748
37761882
37763106
37763348
37766055
37767358
37767905
37768493
37769416
37769550
37769746
37770329
37770335
37770730
37772663
37773288
37773806
37775450
37775805
37776331
37776730
37781185
37782590
37783547
37784169
37786661
37787869
37789095
37789252
37789621
37791267
37795142
37795593
37795610
37797482
37797840
37798206
37798392
37798797
37800207
37803817
37804318
37804650
37806195
37809015
37810355
37810591
37812304
37815445
37815506
37816301
37817066
37817823
37822036
37823903
37827111
37832194
37832426
37832707
37833055
37833242
37835850
37837691
37838076
37840934
37841006
37841686
37841738
37843574
37843998
37844568
37844797
37845380
37846440
37848677
37848859
37853176
37853228
37855421
37855699
37858505
37858874
37858907
37859281
37864370
37866127
37866193
37868586
37868750
37868796
37869086
37869090
37869296
37869302
37869340
37869523
37869855
37872298
37873366
37874426
37875036
37875746
37876473
37876961
37880603
37884394
37885456
37888310
37888326
37888733
37890361
37891360
37891408
37891415
37891590
37891986
37892065
37892075
37892317
37892871
37892955
37892964
37898678
37907818
37907955
37908848
37909025
37910117
37915405
37919325
37920011
37920033
37920295
37922655
37923626
37923627
37923770
37923853
37924750
37924768
37925204
37928819
37932709
37933461
37933737
37934345
37934495
37936441
37938384
37938631
37939533
37940474
37940721
37941120
37942151
37943313
37944251
37945665
37945795
37950031
37951778
37953867
37953910
37953911
37954104
37955065
37955835
37956572
37956575
37957203
37957217
37957363
37957952
37958188
37958277
37958454
37960391
37960407
37961086
37961713
37962500
37962584
37964049
37964787
37964881
37965219
37965222
37968437
37969262
37969620
37969955
37971691
37973631
37973820
37974186
37974583
37975732
37975841
37976611
37977889
37978266
37978393
37978486
37978548
37979653
37980315
37980594
37980637
37980937
37981453
37981910
37981914
37981916
37981918
37983902
37985692
37988756
37991333
37993627
37996651
37998091
37998555
37998607
37998620
37999807
38000257
38000477
38001648
38001939
38002373
38002391
38002419
38002538
38002549
38006648
38007742
38009583
38011673
38012620
38014038
38015665
38016821
38019564
38020169
38020497
38021075
38021776
38022576
38023149
38025275
38026184
38030068
38031032
38031787
38032419
38034401
38034698
38035036
38035411
38042624
38042764
38044991
38045283
38045314
38045324
38045345
38046408
38046559
38046618
38048824
38049657
38051358
38055336
38056081
38058649
38059235
38059336
38062449
38064474
38065392
38067200
38071839
38077564
38077566
38077569
38077590
38081998
38082583
38082740
38082813
38082902
38082966
38083012
38083165
38083206
38083221
38083338
38083399
38083419
38083552
38083611
38083660
38083702
38084012
38086921
38089643
38091064
38091333
38091612
38091615
38093715
38095671
38095685
38096254
38098119
38099964
38101505
38102442
38104672
38105894
38106259
38106268
38106283
38106310
38108979
38110462
38112156
38113803
38114582
38114849
38116237
38116762
38123587
38125517
38127073
38128040
38132688
38132698
38134710
38135350
38135556
38135932
38137392
38137702
38137941
38139493
38141455
38142175
38142572
38146977
38147969
38148517
38149750
38150003
38150075
38151381
38151502
38151565
38151588
38151672
38152612
38154070
38155015
38155247
38155627
38156926
38159238
38159398
38160355
38163659
38164538
38167058
38167564
38167618
38167985
38167996
38168287
38168665
38169878
38176355
38177156
38181423
38182616
38183693
38184539
38184742
38185409
38186951
38188182
38189316
38189449
38190004
38194126
38194405
38195496
38195717
38195977
38196180
38197730
38197796
38198251
38201314
38201370
38202204
38203011
38205216
38206401
38206779
38206839
38207093
38214839
38214942
38215580
38216992
38217513
38217630
38218442
38219645
38220572
38221995
38223021
38223259
38223737
38224306
38224343
38224614
38224617
38231392
38231804
38232389
38232396
38233516
38233597
38236424
38236665
38237177
38237237
38237522
38238009
38238158
38239880
38241853
38243054
38243275
38245813
38245925
38246183
38247890
38247956
38249212
38249966
38250018
38251704
38252192
38253201
38253344
38253989
38259826
38260571
38261553
38261897
38261899
38261934
38262476
38262813
38263402
38263714
38269714
38269873
38269908
38269939
38270647
38270811
38272767
38273131
38274402
38274719
38277921
38280100
38283620
38285679
38288101
38290291
38292305
38293338
38294297
38294324
38298725
38300293
38302604
38302850
38303477
38304076
38304839
38306973
38308670
38309378
38310164
38311126
38312737
38316655
38316678
38318024
38319503
38319912
38321344
38323840
38323867
38324428
38325190
38329226
38329565
38329584
38329740
38330492
38333689
38333706
38335542
38336303
38337016
38337072
38337374
38337771
38339328
38339562
38341100
38342924
38343093
38343213
38343214
38343230
38343233
38343241
38343256
38343261
38344118
38346111
38346370
38346744
38347391
38347392
38347393
38348346
38350900
38351226
38352765
38353632
38353633
38355040
38356216
38360049
38362017
38363487
38363664
38364589
38364600
38365831
38366294
38367451
38368176
38368481
38369073
38369844
38370353
38370421
38372966
38373278
38373915
38373931
38376042
38377634
38381270
38381386
38382097
38382238
38384484
38388243
38388637
38388719
38388866
38389379
38390107
38390266
38390981
38392093
38393882
38396074
38396388
38396422
38399023
38401407
38403037
38403632
38404340
38404714
38405206
38406769
38408721
38409244
38409947
38411729
38412582
38413856
38413868
38415109
38415118
38415154
38415468
38415481
38416256
38417211
38418987
38419661
38423747
38423786
38424279
38424820
38427514
38429443
38429796
38429843
38430743
38432006
38432217
38433144
38434063
38435578
38435579
38435613
38435711
38436698
38436886
38439522
38440382
38441702
38442054
38443817
38445459
38446042
38446043
38446044
38447315
38447381
38452430
38452685
38454349
38460976
38461438
38461472
38461655
38463442
38463848
38464465
38464881
38464949
38466697
38466701
38467345
38467755
38468358
38468955
38469547
38470506
38470893
38471111
38471504
38471960
38472024
38472513
38472690
38473015
38473040
38478204
38478305
38478519
38481280
38482055
38483245
38484392
38485214
38486185
38487347
38487703
38487718
38488431
38489765
38491244
38491333
38492797
38493603
38494517
38494939
38503087
38503827
38504164
38505025
38505255
38505467
38506619
38507031
38508053
38508294
38509635
38510062
38510455
38510543
38510635
38510820
38511905
38513397
38514189
38514491
38515574
38516318
38517913
38518412
38519154
38519489
38522253
38522254
38525295
38526706
38528100
38528694
38529074
38529076
38530172
38530554
38530836
38532511
38532840
38534485
38534494
38534501
38536712
38537294
38538504
38538708
38538841
38539436
38545050
38547000
38548790
38556777
38559705
38560048
38565728
38565866
38567722
38569054
38569236
38569980
38573065
38573489
38574982
38576308
38577506
38580040
38580737
38582073
38584366
38584851
38587026
38587437
38587766
38587770
38588676
38589677
38591974
38592521
38593258
38593627
38593831
38594295
38596001
38596979
38598626
38601620
38605115
38605245
38605799
38606087
38606366
38607727
38607826
38611581
38611661
38611694
38615167
38615586
38616748
38617137
38617949
38619571
38620521
38620953
38623420
38623640
38624806
38625255
38626509
38627290
38627315
38627421
38627568
38627718
38629779
38631115
38632686
38632972
38633079
38637240
38637671
38640105
38640144
38642094
38642960
38645446
38648704
38649795
38650351
38650695
38651018
38653077
38653336
38653842
38654561
38655358
38657641
38659641
38660148
38660190
38660224
38663216
38664436
38664747
38665142
38665597
38666105
38666217
38666558
38668072
38669717
38670874
38672050
38672097
38672253
38672556
38673597
38676257
38676436
38678943
38680854
38683384
38684143
38684578
38684782
38684964
38685941
38687043
38687654
38687670
38687933
38692762
38693025
38694619
38696188
38697800
38698099
38698545
38699170
38699330
38701305
38702212
38702214
38702279
38702613
38703470
38703602
38703802
38704793
38705883
38706878
38707184
38710407
38711150
38712667
38713024
38713377
38714019
38715622
38716037
38716062
38717293
38717515
38717516
38718561
38720370
38720700
38720839
38720849
38721876
38721977
38723044
38723868
38723886
38724278
38724765
38724944
38725425
38725868
38728318
38729119
38729652
38730541
38732280
38734629
38735238
38737734
38739503
38740120
38742084
38742150
38743688
38744010
38744013
38744528
38744901
38746400
38746523
38746679
38749281
38749324
38749827
38750436
38750725
38751048
38751101
38752262
38753596
38754151
38754993
38755275
38756151
38756659
38756944
38759091
38759258
38759692
38761987
38763020
38763985
38766040
38766558
38767055
38767532
38768004
38768123
38770027
38770294
38771733
38773391
38776299
38777719
38777935
38779912
38782767
38783015
38784357
38784688
38785634
38785733
38786273
38786283
38786294
38786347
38786576
38787662
38789330
38789911
38789925
38789936
38789970
38790279
38790338
38790377
38790434
38790458
38791023
38791906
38796521
38801074
38802836
38806951
38809438
38810378
38810473
38812768
38812845
38814764
38816665
38820060
38820428
38820482
38820677
38821263
38822240
38822274
38823365
38824965
38826142
38827049
38829757
38832074
38833393
38833770
38833895
38834787
38837348
38837967
38842692
38843572
38843963
38844854
38845183
38845293
38845570
38846308
38848168
38848616
38850722
38851543
38852399
38852900
38853158
38853208
38855222
38855235
38855695
38857140
38858631
38860897
38860997
38861071
38861072
38862820
38862884
38863883
38864668
38864947
38866195
38866884
38867777
38867922
38868458
38869733
38871371
38871844
38871934
38872076
38872945
38874025
38874030
38874032
38874975
38875055
38875547
38875555
38875572
38875748
38876447
38876917
38878400
38878403
38878404
38878849
38882177
38883049
38883273
38883643
38885104
38886001
38886244
38886289
38886356
38892804
38893263
38893629
38894742
38895683
38896146
38896250
38899013
38899144
38900042
38902523
38902660
38904060
38904758
38905045
38905892
38906576
38908302
38908922
38909909
38910241
38910301
38910411
38911381
38912007
38912404
38913244
38914461
38915049
38915907
38918982
38919881
38921472
38922721
38922986
38925087
38926479
38927793
38927816
38927863
38927934
38928633
38928724
38928728
38932756
38933101
38933391
38933446
38934096
38935330
38936223
38937280
38937291
38937342
38939344
38941822
38942817
38945032
38947008
38947386
38949577
38951603
38954916
38955358
38955536
38955592
38956224
38957549
38958754
38960866
38961114
38964173
38964246
38967693
38968751
38975771
38976703
38977447
38978066
38978524
38978640
38979503
38979787
38981596
38981713
38982238
38983227
38983351
38983440
38985382
38987309
38988550
38988988
38988991
38989919
38991315
38993628
38996043
38997836
39001223
39001268
39001465
39002223
39003228
39003438
39006425
39006802
39006822
39007984
39008812
39009636
39013990
39014178
39014982
39015056
39017032
39017629
39020151
39020156
39021439
39022227
39022265
39022286
39022293
39023443
39024472
39025637
39027132
39030181
39031408
39034758
39036101
39038716
39039511
39040392
39042373
39043755
39043757
39044523
39045216
39046527
39046565
39046593
39048455
39051137
39053035
39054070
39054448
39056406
39057731
39057739
39058059
39058469
39058719
39059081
39059440
39060444
39060495
39061420
39061605
39061641
39061704
39061725
39061744
39061764
39061782
39061969
39062892
39063991
39067043
39067137
39068121
39070173
39071819
39074400
39076582
39076659
39076687
39077759
39078867
39079324
39080324
39081005
39081256
39083310
39085456
39085461
39085681
39088437
39089849
39090456
39091923
39094228
39094243
39095532
39097163
39098237
39099589
39100455
39104036
39104178
39104565
39105640
39105884
39106672
39107903
39108672
39112910
39114678
39115329
39117359
39119151
39119860
39123064
39123308
39128599
39130473
39133901
39135949
39136960
39139696
39141195
39142299
39143180
39143624
39144014
39144024
39144059
39145034
39145255
39147767
39147953
39148927
39149161
39149563
39151325
39152167
39153380
39154103
39160234
39162636
39164445
39165928
39166052
39166972
39167285
39167612
39168252
39169169
39169697
39170939
39174951
39176054
39176551
39176593
39177855
39178085
39178097
39178684
39178890
39180070
39184532
39186337
39188670
39188873
39190512
39190622
39190714
39191289
39191941
39193761
39194400
39195544
39195726
39195729
39196450
39197165
39197270
39198286
39199717
39199758
39200968
39201090
39202188
39202202
39202266
39205092
39206118
39209988
39210237
39210320
39212564
39212565
39213233
39214122
39215022
39216033
39217667
39220077
39220822
39221515
39222565
39223149
39223186
39224914
39224922
39226096
39227330
39227538
39228827
39228981
39230611
39231830
39231883
39232010
39232053
39232180
39232404
39232405
39233005
39234740
39235402
39239466
39240595
39240975
39241003
39241271
39241784
39244033
39247217
39249505
39249515
39250119
39251987
39252464
39252695
39253215
39254903
39256746
39257154
39259736
39263012
39263425
39264412
39264782
39266913
39267547
39267824
39267966
39270459
39272626
39272643
39272656
39272662
39272685
39274444
39277722
39278196
39278763
39280120
39280122
39280340
39280760
39281122
39281181
39281484
39282086
39282826
39285629
39286548
39287171
39289394
39290391
39290649
39293231
39293708
39293786
39294053
39296980
39297463
39298563
39299953
39300922
39301549
39302179
39303405
39304193
39305057
39306310
39309774
39311948
39312120
39313716
39314501
39314940
39319553
39320559
39321007
39325081
39325615
39327378
39330455
39331600
39332451
39333329
39333699
39333724
39333903
39335688
39335759
39335778
39336437
39337926
39345522
39347977
39349784
39350612
39351025
39351354
39353848
39354009
39354975
39356368
39357134
39357243
39357744
39361193
39362299
39363876
39364421
39366836
39367444
39367861
39368951
39369206
39369213
39369718
39371307
39371344
39371524
39372816
39372865
39375429
39375609
39376269
39377669
39378579
39379451
39379733
39380004
39380551
39380892
39381107
39381813
39382750
39382960
39383628
39383749
39384413
39384719
39387348
39388177
39388839
39389801
39390010
39390490
39390604
39391583
39393209
39393513
39394688
39395206
39395303
39395304
39396499
39397908
39398015
39398279
39398346
39399046
39399584
39400833
39401965
39403067
39405074
39406579
39406789
39407049
39409940
39410607
39412613
39412667
39412975
39413822
39414518
39414670
39419113
39420411
39422997
39423605
39424632
39425221
39425751
39426342
39429522
39429578
39429586
39429617
39430032
39430914
39432512
39435294
39435322
39436529
39437009
39438547
39442505
39443517
39443548
39444813
39444883
39445066
39446167
39447001
39447958
39448110
39448114
39449697
39451397
39451407
39451604
39451631
39452059
39452554
39453038
39453040
39454426
39457634
39457657
39457700
39462483
39463765
39466508
39466652
39468375
39468863
39470986
39471474
39472819
39473785
39474046
39475903
39476317
39477837
39478132
39481431
39482209
39482492
39482707
39483205
39484655
39486884
39487037
39487431
39488247
39488888
39488993
39489636
39489731
39490023
39490357
39491716
39492332
39494363
39494415
39494854
39497308
39497603
39500789
39500982
39501515
39502445
39502650
39502794
39503602
39506051
39506100
39507424
39509018
39509303
39511229
39511248
39511360
39513126
39515045
39515189
39518314
39518324
39518331
39518384
39520159
39520662
39520838
39521273
39522134
39523433
39525832
39527411
39527566
39527924
39528206
39528881
39528888
39529790
39529916
39530647
39531808
39531925
39532777
39532960
39533110
39533388
39533658
39535436
39537123
39537545
39537654
39537775
39538943
39539804
39539818
39540567
39540716
39541706
39542428
39544176
39546213
39546546
39547308
39547802
39549224
39550911
39551180
39551847
39551876
39552295
39554098
39557690
39557710
39557735
39558285
39560185
39560350
39560696
39561667
39562310
39562670
39565222
39565918
39566747
39567447
39569028
39571504
39572171
39572780
39574332
39576046
39576800
39576802
39578106
39579195
39580609
39582103
39584042
39585389
39586897
39586911
39587164
39587224
39589123
39589390
39591710
39592903
39593012
39593736
39593754
39594143
39594224
39594271
39600159
39600396
39601611
39601654
39604452
39606583
39606635
39609283
39609597
39612633
39613675
39613978
39615194
39616943
39617261
39618988
39620311
39621209
39623970
39624040
39624259
39627517
39629569
39630834
39632524
39632902
39633335
39633895
39638639
39639099
39640208
39640273
39640934
39641989
39643475
39645459
39649041
39650355
39650428
39650515
39650528
39652970
39653876
39654693
39656236
39656660
39657317
39657446
39657969
39658682
39658686
39659374
39659489
39659666
39659831
39662313
39663578
39664893
39665087
39665137
39665633
39666107
39667487
39668277
39669009
39673008
39673623
39673838
39674071
39679392
39679470
39680113
39680177
39682551
39682584
39682619
39685969
39686112
39686597
39687602
39687857
39688447
39690074
39693092
39695183
39695435
39695672
39697232
39698507
39698615
39698626
39698706
39699671
39700845
39700855
39702637
39704389
39705642
39705725
39705726
39705795
39707112
39707207
39708132
39708244
39710565
39712322
39713730
39715142
39720752
39720940
39722324
39725049
39726638
39726682
39728193
39728219
39728900
39730018
39730250
39730532
39730628
39733534
39735531
39735724
39735883
39737086
39737424
39738168
39738590
39740509
39747203
39747232
39747589
39747979
39752440
39752442
39752793
39753729
39753735
39754865
39757669
39758707
39759571
39760649
39760844
39763361
39764408
39766377
39767181
39767197
39767226
39768009
39768035
39768082
39768288
39771685
39773983
39775578
39775897
39776044
39776757
39776853
39777258
39778239
39778310
39780045
39780117
39788394
39788628
39789187
39789894
39790201
39792162
39792163
39793260
39793514
39794374
39795530
39795540
39795578
39795608
39796749
39797353
39799226
39800435
39801073
39802317
39802885
39803389
39804436
39807055
39808346
39808543
39811011
39811700
39812675
39812775
39815841
39816348
39816708
39820581
39821839
39825619
39826393
39826774
39826832
39827035
39827273
39828866
39830259
39830743
39832039
39832921
39833503
39833600
39834502
39834934
39835842
39835976
39837061
39839026
39839577
39840147
39841063
39841349
39842945
39843622
39843717
39846055
39847156
39847947
39848548
39849306
39850782
39851225
39851338
39851428
39852281
39852319
39852683
39853936
39854772
39857036
39857091
39857100
39862469
39863695
39863759
39863790
39864839
39866530
39866889
39868208
39869390
39869555
39869791
39870036
39870190
39871017
39871039
39871149
39871257
39871993
39873009
39874050
39874235
39874436
39874684
39875423
39875492
39875517
39875741
39876529
39876930
39878275
39880078
39881111
39881216
39881302
39883158
39885080
39887547
39889044
39890480
39892529
39893512
39893881
39896088
39896387
39896390
39896401
39897099
39897224
39897887
39898709
39899269
39900214
39901085
39901943
39903180
39904191
39904615
39905029
39905119
39906153
39906264
39907585
39908459
39909898
39909993
39910114
39910477
39910567
39910704
39912111
39913077
39915478
39917913
39919140
39920001
39920546
39921123
39923593
39925554
39926002
39926426
39932109
39932744
39932952
39932966
39933196
39933270
39934192
39938162
39941179
39941207
39941290
39941306
39941307
39941677
39941750
39941890
39944539
39946425
39946843
39947083
39947148
39948696
39949849
39951414
39951980
39952550
39953152
39953256
39953259
39955327
39955532
39956834
39958220
39959676
39961132
39961957
39962097
39962113
39962212
39962837
39963427
39963548
39965414
39965789
39966210
39966317
39966596
39966960
39967188
39968528
39969278
39969760
39970769
39970824
39970842
39970997
39971818
39973181
39973774
39973776
39973778
39973780
39973782
39973786
39973792
39973859
39975425
39976703
39978091
39978270
39978823
39979761
39980546
39983665
39983942
39984532
39984860
39985841
39986257
39986639
39987169
39989448
39989710
39991909
39992333
39992650
39993795
39995704
39995708
39995734
39995744
39995834
39996895
39997351
39997533
39997996
40000513
40000986
40001024
40001654
40001687
40001700
40001707
40002836
40003543
40007309
40007740
40008976
40009142
40009163
40010011
40010260
40010625
40011345
40011347
40011472
40011809
40011826
40012822
40012977
40014549
40014880
40014944
40016318
40016334
40018053
40018795
40020564
40020875
40021578
40022261
40022853
40023742
40026592
40028214
40030243
40030294
40030300
40030354
40030412
40030515
40031443
40031779
40032762
40033122
40034169
40034453
40034511
40035671
40035972
40037055
40037789
40038136
40038933
40038938
40038967
40038981
40039000
40039092
40039129
40039361
40039474
40039602
40039638
40039646
40039841
40040665
40040863
40042081
40042650
40043704
40044303
40044743
40046237
40047870
40047871
40049526
40050455
40050617
40051367
40054167
40055057
40055612
40056140
40056264
40056835
40056838
40057236
40057634
40058736
40059243
40062242
40063173
40064997
40064998
40066783
40067105
40067669
40067715
40067716
40068388
40068625
40068720
40068796
40068996
40070054
40071096
40074925
40075715
40075870
40075871
40075886
40079653
40081198
40081959
40082126
40082642
40083877
40084480
40084983
40087144
40088296
40089073
40090403
40093990
40094700
40095018
40095252
40095839
40096246
40096788
40096789
40097664
40097992
40099145
40100034
40100537
40100543
40101092
40102464
40102774
40103468
40104981
40106514
40106909
40107024
40107026
40108068
40108817
40108822
40109885
40111345
40112296
40112510
40113490
40113926
40114622
40114811
40114963
40116887
40116947
40118052
40120102
40121246
40121488
40121609
40121941
40122188
40123883
40124116
40124330
40124704
40126796
40126867
40127071
40127777
40128451
40128503
40128676
40129914
40131110
40132263
40134084
40134285
40134559
40137561
40138998
40140174
40141673
40142614
40144139
40144457
40144547
40144549
40144553
40144691
40146150
40146270
40146354
40147215
40147601
40148363
40148588
40149278
40150060
40150131
40150922
40151966
40154009
40154625
40155680
40155859
40156689
40157314
40157428
40158238
40158456
40158473
40160627
40160629
40160630
40160632
40160660
40160671
40161995
40164743
40165465
40165728
40166058
40166557
40166584
40170435
40172325
40174502
40175410
40179945
40180191
40180705
40181179
40183298
40183426
40183951
40185124
40185424
40185767
40185925
40186648
40187199
40187299
40188781
40190333
40190925
40191032
40191392
40191788
40193105
40193955
40194851
40196347
40198972
40199634
40200295
40201339
40202966
40203865
40204150
40206108
40206109
40206480
40206584
40206681
40208025
40208040
40208761
40209153
40209556
40210197
40210979
40211963
40212204
40212272
40214699
40215867
40216256
40216822
40217112
40217563
40218171
40218228
40218279
40220628
40221940
40222973
40223153
40224145
40226842
40227550
40227611
40228373
40232228
40232413
40232589
40232605
40233676
40234345
40235769
40235789
40235793
40235812
40238181
40239684
40240555
40241032
40241852
40242247
40243150
40244313
40247001
40248124
40248190
40249269
40249445
40249992
40251184
40252282
40252479
40252932
40253455
40255031
40255713
40256301
40257754
40258606
40259798
40259869
40260707
40263404
40263406
40264944
40266997
40267741
40269099
40269821
40269999
40271993
40274849
40276738
40277031
40277425
40277606
40278014
40278037
40278715
40279875
40279977
40281216
40281350
40281710
40281728
40281737
40283604
40286496
40288525
40290188
40291992
40293511
40294455
40295548
40296200
40297357
40297370
40297694
40298595
40300640
40300994
40301288
40301290
40301455
40301479
40301625
40301802
40305244
40306292
40310386
40311468
40312665
40313229
40313262
40313917
40314583
40314707
40315718
40316718
40317503
40318516
40318573
40320295
40321995
40322620
40323991
40326877
40327945
40328110
40329157
40330538
40330715
40331540
40334297
40335378
40335658
40335679
40335930
40337176
40337547
40338065
40342492
40342794
40343649
40344143
40344945
40344954
40345352
40346391
40347080
40348987
40349723
40350709
40351458
40351777
40354785
40355465
40355636
40355689
40356024
40356719
40357272
40357637
40358633
40360521
40361401
40361426
40361482
40361490
40361501
40361898
40361994
40363369
40363927
40365134
40365495
40365577
40367559
40368958
40369011
40371075
40376570
40377156
40377781
40377883
40378378
40378868
40379688
40379807
40380672
40381026
40381388
40382387
40382400
40382404
40382487
40382748
40384349
40384695
40384696
40384705
40385384
40385820
40386561
40386715
40387008
40389063
40389149
40391634
40393796
40394252
40395409
40395675
40395941
40396157
40396533
40398003
40398261
40398294
40399378
40399406
40399853
40400660
40400723
40401248
40402200
40402290
40402291
40402544
40402696
40403340
40403678
40403743
40405795
40405957
40406586
40408875
40409764
40410106
40410254
40411540
40411550
40413203
40415865
40415866
40416516
40417183
40418319
40418616
40418844
40420012
40421093
40421138
40423005
40423252
40423258
40423893
40424859
40425715
40428073
40428171
40429798
40432913
40434851
40434852
40435723
40436232
40436516
40436916
40438790
40440147
40442191
40442294
40442312
40443712
40444937
40445095
40445102
40445272
40447246
40448068
40449047
40449048
40449950
40450823
40450965
40451921
40453037
40454208
40454500
40455403
40456998
40458958
40459739
40461493
40462742
40463531
40463652
40463867
40467374
40468810
40469315
40469717
40470432
40471320
40471519
40472869
40473659
40474111
40474125
40478143
40478199
40479129
40480552
40481307
40481434
40483292
40484054
40486321
40487013
40487246
40487349
40487802
40487933
40487956
40488539
40489263
40489267
40489519
40489850
40490586
40491217
40492092
40492267
40493176
40493701
40493909
40494002
40494699
40498341
40498724
40499132
40502266
40504103
40504567
40505211
40505283
40506890
40506964
40506998
40511648
40512721
40513479
40516039
40519266
40520778
40522942
40523575
40523904
40524364
40529155
40529970
40531801
40532357
40533703
40535328
40536279
40536703
40536731
40539353
40539398
40540460
40542584
40543244
40543279
40543280
40544715
40546028
40546332
40548499
40548970
40551554
40551586
40552311
40552679
40552999
40553024
40553227
40554122
40554976
40555751
40560044
40560103
40563036
40563741
40563783
40563789
40564270
40564420
40564481
40564486
40564769
40564820
40564837
40566530
40567385
40567687
40567689
40567736
40567895
40567944
40568213
40570895
40572722
40573532
40574970
40576676
40576867
40579615
40580013
40584904
40586610
40586996
40587926
40588699
40590781
40591440
40591965
40591977
40592110
40592172
40592210
40592932
40592990
40594215
40594587
40594673
40594827
40594886
40595160
40595253
40595383
40596195
40596288
40596379
40596521
40596742
40596973
40596996
40597023
40597035
40597079
40597798
40599379
40600038
40600046
40600198
40601647
40601933
40603518
40603523
40603911
40604929
40606325
40606344
40606348
40606367
40606385
40607969
40608569
40609554
40610298
40610693
40612382
40612575
40612805
40613086
40613973
40615476
40615608
40615947
40616778
40617705
40619487
40620432
40621110
40621608
40622194
40622614
40624106
40625299
40625644
40627036
40627133
40627160
40627277
40627283
40627394
40628009
40628151
40628643
40628813
40629162
40630571
40631327
40633400
40634223
40634463
40634500
40635011
40636185
40636395
40637704
40638994
40640704
40640822
40641983
40642201
40644803
40644886
40646489
40647615
40647622
40647635
40647747
40649010
40649169
40651197
40651993
40652218
40652603
40654621
40656161
40657529
40658115
40659854
40660058
40660493
40660861
40661291
40661774
40663220
40663721
40664863
40665016
40665069
40665115
40665334
40665531
40665544
40665574
40666317
40668132
40668633
40670764
40670935
40672530
40672824
40674395
40676122
40676171
40677387
40678299
40679754
40679757
40681971
40682091
40683764
40683943
40683984
40684709
40686315
40686829
40688579
40689724
40690835
40691114
40691513
40691526
40691572
40691585
40693169
40694826
40695011
40695098
40696264
40700385
40701761
40702276
40702787
40702878
40703133
40706620
40706626
40707264
40707743
40707767
40708941
40709302
40709680
40709742
40710594
40710630
40711942
40712211
40712385
40712506
40712852
40712914
40714864
40715356
40715864
40718405
40718419
40719476
40720400
40721052
40721771
40722008
40722480
40722531
40722553
40722557
40722572
40723234
40724637
40725621
40725950
40727355
40727416
40730777
40731282
40732464
40732540
40735082
40735086
40735088
40735097
40735103
40736362
40736409
40738054
40739060
40739101
40739309
40740831
40740833
40741519
40743295
40745009
40745383
40745419
40745471
40745560
40745641
40746048
40746804
40747973
40748461
40748964
40750095
40750659
40751063
40753124
40753327
40753351
40754551
40754881
40756121
40757022
40759727
40760396
40760965
40761567
40761684
40762174
40762846
40762900
40763060
40763605
40764518
40764802
40765092
40766163
40768405
40768653
40770244
40771941
40771942
40772430
40773786
40773787
40774874
40775357
40775924
40776602
40777837
40779148
40779565
40779830
40780043
40780878
40781101
40781137
40781512
40781973
40782198
40783612
40784883
40784967
40785679
40785866
40786086
40786983
40788922
40790336
40791854
40792842
40799398
40799470
40799842
40800355
40800735
40800953
40802823
40802824
40803192
40804780
40804827
40804828
40807905
40807955
40809217
40809960
40809980
40810848
40810889
40811296
40813236
40813393
40813545
40813783
40815224
40816104
40817144
40817268
40817352
40818205
40818206
40818921
40819370
40819603
40822980
40823066
40824403
40824894
40826204
40828373
40828398
40828643
40830161
40831183
40831714
40831903
40832371
40833260
40833328
40833547
40833689
40834556
40834634
40835355
40835418
40836018
40839281
40842585
40842645
40843481
40844084
40844571
40846816
40847271
40847452
40848156
40848359
40848843
40849507
40849716
40850187
40853715
40853820
40855448
40857304
40857848
40857849
40857998
40858650
40858681
40858729
40859774
40862800
40863470
40863990
40864640
40866645
40866773
40868325
40868360
40868367
40868386
40870865
40870922
40871851
40873279
40874077
40875079
40877341
40879858
40882615
40882812
40883444
40883826
40886589
40888617
40889611
40890150
40890345
40891390
40892131
40892865
40892937
40893488
40893491
40893530
40893541
40893625
40894124
40894269
40894286
40894344
40897619
40897831
40900399
40900876
40902054
40902337
40902925
40902929
40903006
40903373
40903384
40903693
40903832
40906978
40907419
40907572
40908232
40908314
40909443
40909848
40910023
40911178
40912354
40912952
40913905
40913943
40915095
40915232
40916818
40917726
40918039
40919156
40922404
40922557
40924436
40925681
40926256
40926451
40926527
40926670
40928343
40928914
40929122
40932379
40932612
40933027
40933081
40933157
40933190
40933945
40934072
40936310
40937455
40939459
40939462
40940950
40941719
40941740
40943871
40945002
40945208
40945221
40947693
40947694
40948501
40949178
40949764
40949966
40950994
40951530
40952877
40954156
40954472
40954484
40955186
40956165
40957691
40958317
40958333
40960397
40960691
40961561
40961977
40963032
40963573
40963644
40964028
40964434
40965060
40965073
40965246
40967471
40969395
40969490
40970801
40973910
40974077
40974694
40974861
40976044
40976894
40979208
40981991
40981992
40982205
40982373
40982572
40983055
40983859
40983942
40986134
40986248
40986620
40986943
40987013
40989289
40989387
40989429
40989445
40989790
40991056
40991191
40992395
40993917
40994375
40994700
40995095
40995622
40995989
40996364
40996470
40996604
40997452
40997588
40997632
40997672
40998241
40998856
40999029
41000470
41001370
41001382
41003343
41003482
41003487
41004646
41004836
41005259
41006506
41006721
41007196
41007220
41007223
41007703
41007731
41008676
41008696
41008698
41008708
41008729
41013168
41013286
41013498
41015768
41015781
41018263
41018545
41019686
41019882
41021656
41022812
41022936
41023014
41023188
41023237
41024255
41026235
41026592
41027784
41027941
41027951
41029374
41030946
41032172
41033013
41034242
41037545
41038229
41038241
41040522
41042858
41044403
41046013
41046708
41047458
41048339
41049163
41049845
41050333
41050554
41052129
41053172
41053734
41057591
41057596
41057665
41057720
41058851
41058862
41058960
41060493
41061393
41061728
41062539
41062585
41062640
41062734
41062735
41062736
41064092
41065340
41066149
41066829
41067911
41067972
41068102
41068276
41068341
41069622
41071130
41071699
41071823
41073510
41074219
41076471
41076544
41079026
41079030
41079948
41081166
41081167
41081178
41081196
41081229
41083668
41083839
41083840
41085708
41085732
41085818
41085926
41086721
41087406
41089036
41089191
41090123
41091128
41091156
41091157
41091188
41092750
41092935
41093929
41095324
41095695
41095704
41095707
41095945
41096074
41098706
41099594
41100929
41102228
41102432
41103723
41103726
41105350
41107189
41107495
41107801
41109951
41111981
41112074
41114389
41114865
41115948
41116137
41116179
41117885
41117927
41120456
41120635
41121097
41121304
41121733
41122649
41122755
41123773
41124339
41125736
41126537
41127040
41127348
41127561
41128105
41128874
41130628
41131103
41131201
41132707
41132717
41132952
41133168
41134139
41134599
41134912
41136620
41136714
41137930
41138159
41140616
41142601
41142702
41144180
41145899
41145950
41146428
41146678
41147765
41147790
41149829
41150019
41150022
41150029
41150035
41150036
41150037
41152259
41152440
41152755
41153232
41153271
41153849
41154371
41154448
41155051
41155054
41155106
41156170
41157196
41157286
41160193
41161843
41162522
41163976
41168262
41168391
41168494
41169122
41169743
41170054
41170113
41170771
41171407
41172043
41172671
41173764
41174040
41174141
41174540
41175797
41176822
41176824
41177067
41177221
41179656
41181843
41182393
41183859
41186714
41186985
41187827
41188323
41188640
41188788
41190038
41191287
41193563
41196189
41200077
41202049
41202884
41204120
41204379
41204957
41205374
41206269
41206832
41207963
41209184
41209247
41209490
41209992
41210079
41210853
41210880
41210923
41212687
41212708
41214229
41214384
41215207
41216220
41216328
41217478
41217965
41220354
41220406
41222634
41222816
41225731
41225966
41226002
41227066
41228201
41229616
41231434
41232256
41232709
41233843
41233922
41233976
41236388
41237514
41238423
41238604
41239548
41240817
41241185
41241339
41241992
41246204
41246564
41247117
41247514
41249242
41249548
41250731
41251734
41251738
41252016
41252020
41254047
41254314
41254343
41256950
41258693
41258976
41260523
41261016
41261209
41261574
41262491
41264978
41265493
41266696
41266913
41267181
41270681
41271174
41271910
41273358
41273425
41274088
41274092
41274111
41274606
41274951
41275578
41275853
41277948
41281371
41281625
41282733
41282830
41284431
41284461
41285048
41286107
41286123
41286665
41286703
41288884
41288930
41289322
41289615
41289720
41290045
41291081
41292666
41293690
41293704
41295086
41295087
41295120
41295556
41296269
41297958
41298853
41299313
41299513
41300869
41301189
41303208
41303782
41305024
41306624
41307435
41308094
41308261
41310134
41310187
41312140
41312172
41312430
41314436
41315149
41315482
41316386
41318031
41318692
41318706
41319013
41319398
41321026
41321695
41321766
41322394
41323119
41323228
41324009
41325630
41326490
41326548
41326828
41326876
41326878
41327768
41327769
41328653
41328656
41329750
41330312
41330566
41330727
41331277
41331299
41332706
41332876
41333195
41334299
41335685
41335808
41335835
41335910
41335927
41336006
41336063
41336115
41336148
41336254
41336261
41336359
41336692
41336698
41336740
41336763
41336771
41336781
41336891
41336954
41337008
41337012
41337131
41337183
41337209
41337246
41337303
41337324
41337356
41339453
41339543
41339765
41339945
41340110
41341525
41341807
41342173
41343123
41344072
41344151
41345430
41348074
41348081
41348154
41348562
41348786
41349237
41350317
41350423
41353071
41353462
41354103
41354762
41355261
41355262
41356670
41357266
41357810
41358268
41359094
41359109
41359136
41359160
41360207
41361359
41361534
41363201
41364939
41366279
41366658
41367647
41367726
41367772
41370952
41372262
41372720
41372855
41374378
41374470
41374471
41374716
41376905
41376959
41377378
41378346
41378488
41380177
41380657
41380785
41380797
41381352
41383399
41383753
41383998
41388696
41389065
41389905
41390620
41394445
41394497
41394506
41396864
41396972
41398110
41398999
41399488
41400899
41402447
41402470
41405428
41405689
41406414
41408069
41408128
41408195
41408239
41409326
41409486
41409679
41410798
41411774
41411810
41415695
41415891
41417085
41418581
41419661
41419702
41419852
41420667
41424995
41426524
41428317
41429890
41429895
41430426
41432634
41435436
41435999
41436776
41437107
41439200
41439240
41439245
41439587
41440336
41440565
41440567
41440573
41440584
41441387
41441964
41442042
41444372
41444395
41444396
41444668
41444763
41444826
41445919
41448509
41449566
41449569
41452376
41452460
41453592
41454218
41454834
41454919
41455412
41456841
41457976
41459642
41459735
41460439
41461305
41461976
41462499
41462879
41463616
41463635
41464119
41464157
41464191
41464221
41464234
41466130
41466907
41468543
41471551
41473412
41473601
41474500
41477803
41479458
41481488
41484308
41485033
41485359
41486170
41486792
41487962
41488085
41488131
41488250
41489070
41491079
41491154
41491206
41491611
41491737
41494208
41495455
41495456
41497515
41497559
41501139
41501145
41501304
41501357
41505999
41506130
41506160
41507269
41511700
41511950
41512495
41512998
41513701
41515541
41515592
41515593
41515756
41516773
41518764
41522044
41522053
41522060
41524986
41526535
41526840
41526842
41527065
41528225
41529292
41530241
41530445
41533847
41533910
41535700
41536040
41536177
41536425
41537783
41540386
41545552
41546659
41547629
41547664
41547727
41548988
41551258
41551461
41553453
41553627
41555464
41556393
41557570
41557658
41557730
41558246
41558396
41559509
41560935
41560964
41561244
41561860
41563664
41564731
41564843
41568074
41568076
41568943
41569180
41569417
41574043
41576342
41577795
41577985
41578036
41579047
41579101
41579654
41580460
41581251
41584219
41584544
41584805
41585223
41585257
41586845
41586944
41587618
41590236
41590247
41590921
41590931
41590936
41590938
41591137
41591609
41591618
41593159
41593164
41593314
41594162
41594170
41594258
41594286
41594319
41594324
41594339
41595131
41595557
41595769
41595944
41595962
41595978
41596049
41596055
41598450
41601605
41602310
41602410
41602433
41602481
41602983
41603422
41604786
41604895
41604985
41605224
41606103
41607507
41608016
41608726
41609765
41610279
41612899
41613420
41613767
41613820
41615841
41616240
41616271
41617821
41617832
41617892
41619006
41619040
41619284
41619357
41620056
41621202
41622323
41622348
41624879
41628110
41629667
41631492
41632008
41633129
41633187
41634787
41634854
41635777
41637014
41637700
41637821
41638266
41639316
41639936
41640706
41641013
41642261
41642300
41646662
41647030
41647139
41647465
41648795
41649392
41653398
41653841
41654750
41655407
41655629
41656265
41656681
41657565
41659040
41659266
41659270
41659364
41660645
41661510
41663444
41665496
41667529
41667673
41667716
41667798
41669415
41669419
41669428
41675776
41675877
41676330
41676469
41679555
41679586
41680400
41681734
41681741
41682609
41684626
41686074
41686223
41686381
41687434
41689982
41691132
41691278
41691614
41691666
41691746
41691916
41692894
41693959
41694140
41695400
41695935
41696788
41697766
41698177
41698243
41699156
41699993
41700300
41700377
41700925
41702176
41702230
41704078
41705147
41705651
41706122
41707013
41708432
41710299
41710673
41712600
41714260
41714379
41714402
41714698
41714764
41716446
41717239
41718531
41718661
41719271
41719793
41719867
41721332
41722009
41723164
41726096
41728049
41728705
41729404
41729484
41729848
41731328
41731442
41732778
41733641
41733840
41734197
41734977
41735399
41738591
41740248
41740271
41740679
41740680
41744538
41745083
41745427
41745441
41746131
41746161
41746616
41746742
41747527
41747647
41748575
41748724
41749033
41749213
41749494
41749693
41749697
41749700
41749703
41750207
41750673
41750699
41750714
41750741
41750771
41751297
41752650
41756036
41758826
41759965
41762174
41764935
41767013
41767914
41768120
41768130
41768258
41770475
41771536
41771973
41772023
41772695
41774326
41775758
41775791
41776189
41776195
41776569
41778236
41779309
41780136
41780349
41781262
41781427
41781549
41782094
41783079
41783341
41783539
41785507
41786919
41787625
41788037
41788663
41788669
41790163
41792429
41792817
41793074
41795130
41796125
41796189
41796209
41797162
41797471
41798682
41798873
41799028
41800183
41801383
41801779
41801916
41803281
41803329
41803423
41803519
41803602
41804494
41805094
41805858
41807104
41807468
41808895
41809581
41811619
41812081
41813681
41813800
41815069
41816071
41816805
41820475
41821500
41821894
41822300
41822381
41822887
41822897
41825499
41826522
41826857
41826878
41827308
41827668
41827775
41827922
41827926
41827964
41828013
41828028
41828033
41828054
41832083
41832258
41832284
41832909
41833743
41835134
41837512
41838262
41838308
41839680
41839937
41840065
41840134
41840320
41840994
41841144
41842667
41843123
41843310
41844537
41844777
41844829
41846467
41848096
41849179
41849942
41850174
41851323
41851362
41854843
41855058
41855851
41857509
41860312
41861368
41861767
41862143
41862759
41862760
41864172
41864916
41864971
41865073
41865703
41865812
41866420
41868207
41868427
41868687
41869384
41870548
41870581
41871503
41872336
41874622
41874882
41875369
41877097
41877690
41879561
41882174
41883532
41884659
41887805
41888535
41890225
41890590
41891368
41892069
41892599
41892911
41893829
41894804
41895192
41895680
41896127
41897568
41897586
41897659
41899025
41899050
41899510
41899699
41899812
41899885
41900194
41903258
41903680
41904488
41906333
41907356
41908008
41908287
41910751
41910913
41912546
41912959
41912962
41913134
41914320
41915531
41915536
41917243
41917499
41918791
41919259
41920815
41920961
41922472
41923409
41924357
41924418
41925836
41925961
41927820
41928579
41928849
41929976
41930103
41933029
41933058
41935472
41936289
41939693
41940098
41940478
41941431
41941563
41941782
41941947
41943462
41943563
41945251
41945612
41947103
41948063
41948485
41949516
41950940
41954793
41955155
41955258
41955752
41956321
41957071
41957132
41957506
41957600
41958095
41959177
41959762
41961248
41961465
41962147
41962347
41964309
41965176
41965397
41965768
41967037
41967163
41970019
41970572
41972022
41972366
41973202
41974778
41975679
41975749
41978841
41979757
41980310
41980627
41981147
41982549
41982621
41982700
41982753
41984454
41984614
41988735
41989726
41990081
41991623
41991821
41992197
41993060
41994558
41995833
41998456
41999029
41999341
42000373
42000650
42000653
42000870
42001982
42004011
42008386
42009324
42009326
42010056
42010234
42011325
42011796
42013611
42014820
42015048
42018265
42019734
42020549
42020853
42021187
42024943
42025761
42026532
42026568
42026774
42027155
42027806
42027826
42031968
42033583
42034668
42034781
42034851
42036189
42036264
42036459
42036466
42037656
42037715
42038539
42038702
42039728
42040644
42040934
42042932
42043547
42044246
42049087
42049816
42050292
42052229
42052764
42053950
42054008
42054652
42054756
42054989
42056164
42056374
42056618
42056967
42057155
42057902
42058733
42058985
42059635
42062367
42063605
42063732
42063793
42064001
42064381
42066111
42066626
42067471
42068059
42068095
42068842
42069522
42069529
42069836
42069855
42072190
42072439
42072777
42072786
42072840
42072846
42072847
42073085
42073467
42073521
42074967
42077389
42078359
42079833
42080700
42081255
42082763
42082966
42083523
42083947
42085342
42085489
42085511
42085916
42086316
42086843
42087110
42088922
42091233
42092367
42093931
42094125
42094132
42094968
42097087
42097103
42097852
42098354
42098614
42100397
42101624
42102471
42103174
42105087
42105676
42106496
42107149
42107353
42108444
42109324
42109389
42110038
42110596
42110718
42113438
42115238
42115281
42117114
42118273
42120474
42120538
42121095
42122062
42122083
42122340
42122544
42123060
42125996
42127068
42128891
42129472
42129787
42130124
42131554
42133104
42133711
42133714
42134661
42135271
42135376
42135555
42135595
42135669
42136201
42136968
42138578
42139192
42140287
42140481
42142114
42143150
42143301
42145688
42147037
42147450
42147868
42148603
42149212
42149789
42153150
42153825
42154668
42155376
42156537
42156925
42156952
42157015
42158055
42158119
42158662
42159476
42159478
42162743
42162744
42163216
42163319
42163688
42163731
42165913
42167455
42168286
42168316
42168501
42169588
42169950
42170634
42170695
42171757
42171860
42172670
42172792
42173050
42174042
42174284
42174472
42174531
42175373
42176556
42177481
42177895
42178484
42179777
42179834
42181902
42183914
42184192
42184237
42184692
42185412
42187401
42187977
42188715
42189465
42190112
42190896
42192120
42192768
42193430
42194286
42194309
42194327
42194331
42194343
42194345
42194524
42196794
42196891
42200072
42202764
42204022
42204350
42204783
42205132
42206568
42206980
42209605
42209768
42209815
42210927
42211395
42214387
42215519
42215668
42215932
42216166
42217825
42218311
42218381
42223485
42224315
42224860
42225724
42225843
42228733
42229420
42229993
42232555
42233513
42233975
42234110
42235476
42235582
42236202
42236280
42236608
42236611
42236849
42239655
42240570
42240646
42243289
42245956
42247432
42247549
42248053
42248127
42248128
42248171
42248234
42249942
42249986
42252862
42255412
42256489
42257775
42257953
42258503
42264413
42265152
42265282
42266879
42268762
42270745
42272654
42272663
42273099
42273105
42273232
42273988
42276104
42276805
42277670
42277818
42279183
42279449
42279497
42279522
42279535
42279565
42279612
42279616
42281195
42282366
42286062
42288632
42289455
42292284
42294486
42295572
42295635
42297835
42297881
42299150
42300307
42300309
42301012
42301690
42302213
42302349
42303943
42304021
42306236
42306243
42306661
42308243
42309505
42309650
42309652
42310216
42310616
42310728
42311265
42312470
42312588
42312934
42315273
42315314
42315868
42316047
42316077
42319488
42321364
42323398
42324333
42324433
42328378
42328679
42329539
42329889
42330579
42330676
42332014
42332240
42332578
42337366
42337617
42338932
42342763
42343332
42344201
42344276
42344435
42344495
42345183
42345655
42346896
42346900
42346914
42346917
42346930
42347109
42347131
42348991
42350468
42351048
42351233
42351416
42351452
42351455
42351598
42351861
42351894
42351911
42352485
42353247
42356007
42358551
42359154
42360310
42360668
42361770
42362600
42362656
42362935
42363169
42364284
42364929
42365028
42365183
42366024
42367059
42367846
42370443
42372469
42373799
42375925
42376442
42377437
42379762
42380347
42380417
42381155
42381328
42381865
42386861
42388499
42388511
42391222
42391295
42392012
42393541
42396139
42396558
42396958
42398294
42398302
42399301
42400646
42401077
42401645
42401825
42404122
42404827
42405518
42406258
42410534
42410553
42411286
42412285
42414466
42414719
42415301
42415786
42415845
42416299
42416754
42417181
42417594
42420441
42420647
42420768
42421956
42425049
42425805
42426690
42427878
42428004
42428060
42431564
42431590
42431966
42432629
42433232
42433558
42433572
42436204
42436576
42436714
42436723
42439300
42439342
42439428
42440639
42440902
42441436
42443195
42443242
42443285
42443571
42443645
42444561
42445068
42445708
42447770
42448596
42448906
42449696
42449904
42451406
42453502
42453641
42454147
42456080
42456900
42458312
42459075
42459077
42459257
42459762
42460319
42460337
42462961
42462969
42463622
42464524
42465038
42465696
42465722
42467296
42468391
42469695
42470797
42470916
42471462
42473981
42474718
42475211
42476063
42477097
42477203
42477401
42477609
42477719
42479708
42480586
42481369
42482570
42483305
42483770
42483869
42483885
42486379
42487686
42487901
42489532
42489954
42490877
42491273
42491377
42491893
42492117
42493351
42494969
42498651
42498861
42501614
42504240
42505453
42506087
42506175
42506861
42507605
42508236
42508797
42510123
42510447
42510492
42511950
42512295
42512445
42513400
42513439
42513661
42517899
42518750
42518770
42518791
42518956
42518978
42520085
