36776294
41617832
39423605
42130124
36789248
40335658
40194851
42489954
39061744
31093705
36016875
36072854
37222638
40239684
41068276
37293874
35071275
38083399
34003996
37908848
35626379
41262491
41274092
40903384
32452907
41999029
38082966
34136394
35247336
41782094
36244303
35684918
42162744
39513126
41740680
33937792
41574043
34229143
39107903
42462969
37591161
40768653
38337016
33310694
36291282
40442294
34655238
39699671
40001707
32372385
34926501
37276106
37754951
34003056
31634769
37962500
30922901
42100397
36229338
34324463
32714766
41547664
34976558
42153825
35872945
34476208
38082902
34603980
36762417
42367846
40093990
30734849
40081198
39384719
38298725
36539234
38591974
35378943
34888191
35061759
42052229
35864986
41357810
38584366
41559509
40883444
41874622
40232605
36200353
39200968
40147601
35787928
30921550
35401411
36170844
38784688
35641181
32907561
39846055
41568076
41732778
39693092
35052273
39389801
34136106
39520662
34924987
41897586
39031408
38866884
34149118
40721771
40627160
41929976
37782590
40766163
39515189
35181263
34341737
39280340
35680755
35774412
41899050
35694573
39797353
37679806
39302179
35487442
38786273
42078359
36087795
40337176
39022286
40463652
34117783
42443645
34776805
37015600
35578678
37742486
37587160
40290188
39227330
31003928
36619376
36086447
40232413
34668251
40277031
41273425
35592700
41617821
38324428
40828373
36077686
37360135
33741850
37436866
35655831
40505211
41861368
40544715
40783612
32691326
42225843
41899885
34729970
40676122
32232524
34828081
40134559
40745009
31001458
39656660
34109325
38893629
38905892
32484573
33713959
39562310
36010183
41087406
35571081
39768288
41353071
35562596
41633187
41331277
40714864
40121941
33662804
36672641
39956834
38721876
34626908
35748898
41657565
41655629
40601647
40002836
41037545
41444372
42184237
39811011
35830745
42459762
40342492
42159478
40576676
40365495
41361534
31941918
39973786
38875748
33718766
39166052
40644803
33846450
40338065
40707743
40478199
41767013
42433232
38478305
41877097
40891390
42279183
35500505
33428062
38433144
34674280
42026774
38988988
37275359
34803550
40870922
37745691
39039511
38978066
35203433
40298595
31493112
35360446
36588765
39976703
40624106
40208761
40711942
39369213
36997134
37152810
42513661
35620201
37770730
37960407
40038938
40301455
38723886
41584805
32752225
41150022
39820581
34642754
36646808
31425026
39462483
42136201
40363369
38423747
36125375
39128599
32315264
41903680
36240594
34859922
32391274
36627354
33239711
42266879
42147868
32906091
33194680
37370944
33677163
38467345
36950474
38164538
39992333
38810473
37273912
34260415
35914993
40040863
36514476
40790336
40506998
34765542
41595557
37284168
36033909
38753596
41481488
41271174
42406258
39557735
40879858
36403310
38761987
37869523
42224315
39968528
34395156
37203536
41887805
38319912
41132952
30349958
37553486
34772972
39304193
34710872
32240877
41816805
35842738
34157638
37714020
36627175
40212204
36223710
40193955
41454218
32569310
40296200
35625002
34289438
39978270
37443333
31507022
33927208
41169743
41124339
39266913
33634027
39843622
34385900
38580040
33956178
39592903
39305057
41491611
36013557
39272685
40701761
33176335
37059889
41925961
36553224
34401477
33571634
32624700
40417183
34588493
37522981
34811644
40395409
41918791
31980109
40551554
41841144
33619828
32842937
38617137
41485033
38791906
38640105
38909909
39034758
41079026
41445919
37759856
37237625
41577985
36791140
33826549
36815006
32857594
40345352
40689724
36829709
37086637
34101845
37589902
40398261
40114622
35669917
34594482
38768004
40708941
35921712
32832202
35204365
37528654
38113803
30334786
41460439
41691614
30130180
38871934
42279449
36553891
41667798
34490055
32837749
34094903
39361193
36333598
40489263
38478204
35214451
35218039
37719872
39542428
39259736
33584016
38155015
41897659
42097103
38016821
31648967
34003394
39484655
40943871
30067607
39932744
33859222
36370597
41315149
33932645
35683577
41274088
40691114
36844950
40160630
41899510
39362299
41335835
37981916
34312594
40191788
33915960
39290649
37745095
40329157
35665277
41123773
40127777
41780349
40874077
37149448
41326878
42477609
42345655
33996583
41336698
42080700
37040784
39333724
40337547
34490222
36052402
42321364
39067137
35793571
40679757
33190102
41488131
39921123
38214839
35013485
39482492
34079578
30967985
42297881
35136286
38885104
36970595
40725950
34028466
39280760
35464874
35312077
33230395
31050074
38434063
34040274
42056618
33641077
35954461
36406463
38876447
38464949
37938384
41807468
31586812
34426629
37401906
42000650
39933270
39030181
36092784
33706112
39808543
36776966
42315314
41019882
31945637
42115238
33747600
31856051
37999807
34809589
40529155
36435055
41281371
36461839
32875431
36011123
34067101
33390662
41003487
34092495
36811035
40090403
35713339
38784357
37888326
39071819
40380672
34127892
36242993
37418789
34277769
40210197
37961086
39372865
37362672
34078566
40504103
39197270
33241522
37581061
33300162
38826142
35792337
36140645
38768123
30963340
38556777
34350249
37716219
32547939
38529074
42131554
42364284
34650183
36383528
41930103
31558622
36681311
42436204
38389379
37078037
38318024
35303756
41632008
31110472
40634223
40278014
35395606
33250789
38790434
39097163
32278847
31430590
32235882
37956572
40785679
35667619
42122340
33420912
37386966
36943484
35262842
41648795
41377378
35690536
36505076
39104565
33629156
35794172
33757906
32748751
39919140
42460337
39006425
34337432
38601620
36447082
42518978
40574970
31630233
41323119
41957132
39527566
35020923
36271699
35667154
30680471
38429843
41486170
36292173
36742993
36797543
33850864
33846160
38702613
34038818
33518812
36055156
40950994
32250852
41439240
40958333
32604679
36311489
41832909
41598450
38786576
40970801
38382097
37497811
31845845
38168665
38908302
37872298
41022936
35144242
30883275
30379570
38742150
37460615
39216033
37367938
38516318
34770366
37186897
41238604
35299683
36158956
35799961
41343123
39017629
38439522
41321695
32969025
42123060
40848359
33670317
32042789
36004884
35906437
36560216
40022261
32038146
31275101
37325712
34601660
41372262
42170634
34147593
36147663
36504726
41758826
41798682
40997588
41398999
32277478
35371333
34262424
35780601
32904395
34262118
41318031
31074449
33619361
41866420
34460557
38790279
33309302
34469432
39383628
32445550
34945278
41003482
40081959
37035520
41506160
39091923
39767226
41381352
33170789
36289038
42004011
32907811
38002373
39669009
37783547
30366140
34629992
39497603
38443817
42365028
40160629
39232010
31842071
38754993
41511950
38083221
31134366
40586996
33243829
38922986
39875492
39533110
38956224
34067462
34051438
37339027
41647465
36924533
38833770
34879818
35756852
36605558
38569054
38432006
36658376
37093501
36256284
36662108
34689630
39166972
34127245
31673961
36776082
35054348
38945032
37612321
40644886
39995704
34518161
39444883
42177895
38720839
40011472
39176593
41728705
35900376
33018319
34867117
37448542
34441318
40175410
37848859
35878599
37161245
38440382
42128891
34453341
41975749
34679484
42348991
35784186
38112156
41432634
36070544
40323991
36979738
39076582
35936760
39941207
33603193
37277270
37344684
40269999
37307643
41127348
35139447
31352015
39267966
31927500
38665597
31200290
39414670
37101176
38981596
33120238
37492670
30325845
32168039
41956321
34517352
34290979
37549456
39896401
30332595
33784518
34751740
34288527
33140257
40402200
37177832
42179834
38676436
41449569
36829697
38329226
36611393
33339630
32946400
42120474
41241339
40892937
34979295
34330269
36546583
40819370
31016467
32075744
41846467
38510635
38915049
34991993
33859129
40201339
41310187
38135556
40356719
41233922
36419044
37271636
41832083
38194126
42453641
40030243
37941120
35138509
38091064
34792476
39274444
34432188
41855058
42306661
33206226
42255412
41125736
36958239
35903037
42376442
38137392
38034698
41729484
36921480
34890061
40445272
40056838
39511360
41301189
41008676
35368855
42118273
36202411
34457034
40781101
34343744
41171407
34663440
35489140
39414518
41350317
41348074
33496876
32512507
41723164
40361482
33768221
35822177
30803208
35087174
37602253
31227682
37960391
35118164
41462499
39698626
40847452
36699534
35332916
42240570
40596379
38026184
41501357
37244234
40057634
34749629
39482209
36588775
35433024
37366554
40449950
34757907
39509303
40619487
41018263
33156775
35747775
40164743
30381863
36430133
40963032
36870441
40206109
39616943
42465038
35939912
37981453
34636634
40377781
39430914
41091188
42279535
34061732
39946843
34716809
33323271
37358356
41890590
39502445
41613820
35533164
38348346
35002099
38045324
33610001
36881548
41359094
39863759
39020156
41840320
42490877
41336148
38343241
40543280
36018533
35373881
37884394
38605799
31390040
37964881
40402544
40102774
33438626
40021578
39518331
35265300
39841349
41271910
35903435
42428004
36736182
38582073
40418844
35115577
33532975
40132263
39429586
41349237
37750179
31200519
38035036
37627857
41877690
37652543
34573899
36093674
35186359
32962829
41602310
35096135
34979404
40234345
34764605
41899025
37193247
41750714
35433961
37253895
39803389
37305126
36914501
36338695
33525122
40217563
37615766
40906978
36604467
40857998
39728193
37869340
38403037
31130215
34207145
32395494
37549965
35942449
35336513
37985692
33569617
36586176
36584604
36178349
41865073
33668646
36972243
41768258
30670024
36208095
39017032
39659831
41337131
34268100
36202934
40572722
36766655
35946944
38169878
42425805
36097024
38312737
38589677
35069786
32681214
37015641
40596195
34764554
40295548
33968281
39333699
39582103
37389610
34935652
38735238
33895621
40235769
42072190
38720849
38190004
42098354
41066829
40588699
37684278
40434852
42504240
37974186
35345875
35720929
35110593
37449711
34422985
37692824
42345183
37634221
33317911
34431249
37247318
34572813
41049845
38979787
36507318
40063173
36574537
34267414
35505442
31356693
37447649
35713815
41428317
40294455
41217965
38021776
42302349
40037055
41893829
37122853
32208428
31243869
39686112
42135555
38650695
41463635
40631327
38023149
38606087
32864172
36279353
38155627
37174985
31900702
35228147
31483764
34354553
35717830
41516773
40722553
40893541
31659587
41205374
33585511
35368959
38939344
34435099
37012131
37046553
41455412
38684578
35292056
38167996
37977889
36507230
37215381
37277706
41332876
35860294
35096899
40406586
35621894
41805858
35220529
37976611
38598626
42351416
34565730
40853820
34940736
41714402
33939609
39997351
39680177
38051358
40107024
40691513
38732280
37605627
40941719
33875900
38205216
42068842
37461358
38875555
35636357
37378946
42072777
39878275
30597561
41153271
35909858
37547396
37627835
32937801
41803281
41796189
39747232
41440565
41628110
37296938
40082642
40387008
37067576
42453502
33869635
40862800
31799050
39752793
37627855
41085818
40456998
32335686
40702878
38030068
40843481
37032417
35821428
38083552
39178890
41172043
41406414
34026597
40035972
35727837
41485359
32417618
38927934
41613767
42194343
37174968
30548601
37812304
35572829
35089420
34900197
34136814
36442272
35053538
32617321
32382048
39695672
40536731
41337209
40365134
40634500
41174540
38816665
40907572
36412688
37224605
38666558
36409398
37239025
41629667
40190925
40815224
40608569
40087144
41553627
39687602
36811125
39558285
33420092
34142088
35467572
38936223
35557568
37915405
34992127
35014900
41714698
40425715
39429617
39708132
35535190
39081005
35896558
41716446
38330492
40724637
39169697
40597035
38149750
38861072
38223021
32857203
40405795
36098642
34770595
41260523
34305523
40956165
42401825
40864640
39406789
37386289
31227844
36791551
36275840
40389063
41511700
30956687
41095324
42391295
41959762
36230750
41305024
40615476
38306973
40683764
36583911
37763348
32836918
32248114
37991333
38867777
34150660
40357637
42050292
41295120
35333254
38904758
34211104
36249048
37030821
33961635
35559377
41210853
30979022
36225596
34465308
36544067
38168287
41466130
41419661
37598632
36306584
35899511
34873594
41176824
33210900
41046013
39061764
37945665
36454916
42483885
34591793
39752440
36550989
32558816
32862015
38084012
38611694
39560350
41050333
38573065
37832426
33127624
35512532
33777347
41149829
42300307
40600046
41816071
40263404
35282403
35140773
35366470
33165630
39395304
35928014
41745427
35146436
35428335
31240721
38343093
32043177
41464191
40487802
39539804
42449904
35783915
40570895
40553024
32244855
40832371
36819277
36561211
41590938
37669158
41024255
42235476
35340753
39737086
37643447
42167455
38718561
39659666
38896250
38522254
40745641
37729826
32650363
34178641
40208040
33761389
30582529
35222880
33934065
31302456
34521691
39286548
31200913
41590247
40882812
40848156
40398294
36330417
36115098
41840065
36794074
35220076
33810066
31150950
41912546
40994375
40420012
42273232
41100929
35797792
41940098
40055612
36368464
34235105
30471464
40994700
36539779
38096254
42447770
33845433
39432512
42122062
42476063
38343256
34314421
41941947
39040392
42140481
35632351
41225731
35894542
39191941
33252079
41085926
35957222
33492478
41328653
39633895
36830712
42228733
37355932
35544487
32604588
35741292
41933029
41062734
38046408
39730628
38370421
38206779
37191921
42248234
35380492
41762174
40321995
40068996
34173008
41452376
38447381
39866530
34483709
38902660
37734140
35083500
32205218
36433541
36269913
38415154
35007754
39112910
38012620
36335751
30610422
35513242
40636185
34460769
38469547
39240975
38011673
38845570
34814345
40592110
37217770
33108801
36920520
38569236
41073510
35362751
38777935
38593831
39733534
36740272
30800504
41594258
37761354
33455900
40591440
42319488
40106909
40220628
35596813
34899225
41710673
39442505
34891795
33421920
40203865
40089073
42026532
38886356
42217825
38605115
37555158
38388243
34209366
41811619
42206980
39767197
36564724
32399602
41507269
37154952
38567722
32789756
35767116
37087370
31278787
37271051
32210685
42459077
41642261
41319013
36163451
40044303
36590762
36255487
39738590
42277818
38910411
31521248
38032419
42083947
35814415
37046121
37837691
37525821
35694948
40735103
39876529
39366836
35129088
35430853
37749388
38154070
34460371
37923853
39763361
41126537
31981283
34208548
40368958
37493322
31076620
40222973
40109885
42506175
31865021
40659854
40009142
42054989
35697345
37221409
35201409
38137702
40378868
36778038
37798206
31803346
40674395
30802855
37733068
30911364
40361501
37268850
37129723
33638457
40218171
38756659
41394506
39475903
40949178
36624184
39995834
35241258
39407049
39476317
34861618
37032921
35310959
34470404
34075548
33192235
39627517
41138159
39144014
42312588
39552295
36623316
40606348
30445200
42487686
36585957
35305027
39263012
40722480
36788196
38510455
40463531
42172670
33200991
37360153
34976794
40403340
38280100
32664836
34504140
37620849
38648704
41786919
41667716
40799398
40113926
39015056
40160660
32033462
41336261
40142614
42441436
42066111
36138422
42347109
41826878
37434971
37464200
41601605
34843536
37289245
40281728
40084480
37973820
36554228
34388855
41105350
34973583
41617892
34118592
38853208
32062801
40802824
35474916
36893081
36172575
37723872
33120595
41545552
41359136
39210320
37880603
40403743
40034169
38743688
38373915
39350612
38232389
38820428
38820060
37892065
33014355
40567736
37444502
33908045
39941179
40991191
41849179
32730212
30719445
35081273
37843574
38418987
39654693
32477040
39883158
30719536
32030769
38771733
35345362
36979657
38593627
36419451
37152013
42163731
39720752
36353321
35274211
35692515
39474046
34337590
40394252
42465696
39278196
41990081
42038702
36010288
37844568
40670935
31170065
39955532
40524364
41943563
36816972
40490586
34412614
40232228
40842585
38982238
38829757
34111263
32133239
35328245
32326730
41917499
38508294
36062060
40665574
34943615
33219624
35618195
31260494
41367772
42440639
37179688
40011809
36406625
39061782
39525832
39058469
40395675
36979210
41323228
40436516
39633335
42332578
40877341
35341212
38493603
39740509
38388866
40763060
41216220
33335111
40834556
40606367
39490023
37674097
36826961
35588664
37711738
34799630
38724765
36924291
37420812
30631979
40563783
32625048
36853302
33918453
40784967
32422577
39875517
31087327
36388230
33001810
34575679
40281350
39105884
34853586
30561278
41366279
38637671
32622747
41107801
39843717
31313397
32402466
36535217
32135443
41653841
36033604
39463765
34753116
39726638
41631492
39768009
39527924
29994378
34411910
35391776
35308920
35963191
37885456
40989387
39429522
38464465
36129222
40443712
40129914
41464221
38151588
41440567
42024943
35586673
40264944
38343213
37658883
40997672
36690902
40983942
35673102
37696265
41642300
34022696
34394887
39451407
40543279
39848548
36505814
41579101
39679392
36105290
39576802
41095695
34891828
40567687
34731775
39835842
41168262
38167985
36055163
37691210
40235789
41982700
42312934
39917913
42068059
33988925
33239695
38413868
34036304
41006721
41285048
32704611
41308261
34298824
41057596
36709519
39506051
36831380
30689990
40928914
41409679
41751297
32265682
35364582
38844854
34824098
37978393
42481369
37031755
32442866
36400261
35585118
35261555
35290509
40847271
40707264
40974694
40363927
36831810
32863584
38957549
42398294
41026592
35996574
40818205
32065285
41607507
40140174
37399667
40185767
35602136
38304839
38848168
39880078
40157314
37142654
38446044
37700250
31007742
39264782
34574017
38525295
37080813
35314648
39252695
40553227
40982572
33195111
35622223
42052764
40473659
40506890
40216822
36674023
41920961
36313647
40224145
35039756
39483205
31725371
37612178
38657641
36359503
41922472
33838900
41974778
33848755
34805297
39437009
36523363
32452736
40108822
34388626
39528881
42215519
37326817
37707410
42210927
38336303
35204479
36384040
41945251
34035410
36289390
33524957
42279612
37568852
40933081
42133104
36273078
35983992
32142416
34330278
37420558
33242010
33041635
32729810
34868946
41066149
42392012
37374292
38730541
40640704
38534485
41776569
41576342
33250847
39589390
33015100
40857304
38660224
32017118
35155194
40301290
40770244
36620152
33816954
41098706
35310201
40817352
36635594
32416697
41107189
35919069
41168391
35179554
33045323
39191289
40848843
32350661
38773391
38763985
36428569
35386114
35976596
41328656
38871844
35503850
41749693
31976600
40620432
39420411
36849622
41515593
42393541
35746389
41759965
39730532
41327768
38249966
35588012
42360310
32009868
41396864
35052801
37844797
39147953
35249120
40564270
34451100
30561355
35585773
30802232
32960772
33396415
41740679
35143286
42036264
39574332
41684626
37658890
37313141
38964173
32146346
36106446
33848244
41252020
42133711
40683984
38253344
37085580
37923770
40564420
34069362
38855695
35469472
36204530
37581046
33969487
34712461
39357243
36623332
34629993
41837512
40238181
41462879
35257285
30864310
33630876
37371810
40902929
39650515
35905666
42344495
34014818
40552999
40221940
31947124
40428073
41828054
38274719
33744990
40493176
33446163
35204639
33439313
40900876
41103726
35834050
31732864
42411286
34188680
40244313
40107026
34888228
34226795
36563341
35280801
41464119
42135271
33986459
37483059
38529076
40894344
37284102
34889645
36357530
41367726
37470945
37775450
40043704
33816373
32356484
37891986
41177067
36980486
30926444
39617261
32440926
30877390
34334965
38452430
39430032
33241513
35389528
36299467
40382400
34055710
35790841
30763637
35156216
42249942
35750324
34200832
31675151
38620953
41286107
41186714
36675697
37555151
36299828
38217630
33018230
30811739
40723234
40331540
36310022
41663444
39941890
41619357
40933190
36571602
35172022
38083611
36236674
41147765
39874436
40756121
36970245
42346930
42299150
42483869
33192206
41408128
41594286
39551876
40038967
42053950
40663721
40519266
34943580
39377669
36147628
40134285
32325284
35596805
35942441
40469717
37364366
36395472
37219619
41336254
39584042
32248132
33658806
37545750
39839026
34812359
34248531
38160355
40627394
39993795
37443676
32991288
38347392
41266913
37551346
34834566
34952282
37738180
34136818
40068720
34679554
38001648
37665389
37740091
31151901
39551180
31292287
33537334
41746616
41998456
37720936
37975732
35998185
37368121
38067200
35454914
40124704
37754933
38746400
33957235
38202204
31513631
39643475
40908314
31220576
32939590
36370635
37815445
40924436
36258715
38167618
41190038
37815506
40551586
40745419
35087078
39188873
37711798
39325081
40886589
40813236
39995708
41415695
35783351
34362317
34458200
32796848
33532893
37924750
40529970
40391634
38310164
38239880
32967291
41772695
37065503
41904488
40947693
41155106
40034511
39753729
41962347
40037789
32183748
39061605
40149278
40594673
38241853
36219163
34235441
37633787
35501705
39232053
40822980
33398067
31505380
40522942
30871687
36441108
41312430
32529578
39453040
41640706
34917168
38246183
41286665
41957600
37944251
34502702
41239548
39799226
35885468
41363201
30771712
37962584
37460894
41641013
41526842
39754865
38369073
41464157
35785184
33550213
39223149
37440160
41907356
40954472
33119899
33906185
37174975
34526733
42501614
42468391
34891869
40781973
38396074
35795879
40381388
32793889
42417594
40811296
37657758
33596552
38867922
31465788
36598674
36158647
41146678
40998241
36228144
33179173
34075316
33714850
36568847
39667487
36596937
35632050
40722557
37998555
35694707
35360477
36850889
37213273
33150471
39808346
40471519
32556481
34035386
41590936
32556922
34764620
40249269
41771536
33502624
40011347
33937437
36517762
40592932
40800953
40126867
42091233
37206038
41400899
37222771
39606635
32683551
35098262
40400723
31491832
40227550
37565126
36187450
39546546
36806541
35810561
40384695
35885584
40376570
36910507
35323674
34069328
32795485
31884181
40498341
34003137
39587164
33674979
35104686
33598377
37358061
35046766
41941782
39926002
41746131
40161995
42372469
38796521
36212141
32470854
41908287
40641983
33825207
32127625
40656161
41635777
42027155
37841686
36428954
36551017
37443158
36387261
33469691
34511738
33527000
34456369
42062367
40873279
40158473
39059081
35233181
39022227
39550911
36001537
36562006
33994894
40954484
33971427
31853385
42015048
34202607
34422088
37167980
32566988
40900399
36856903
35104321
36892643
39868208
34599377
37744954
41121733
41809581
32674041
41578036
36161156
40206584
38025275
35221779
40540460
36847756
39973776
42310728
39298563
37129960
35453826
37758754
33018252
35852738
38806951
34326868
41624879
38231392
38261553
41512495
42122544
38064474
40722531
40784883
40973910
41961248
38081998
34813989
39281122
42396558
35404811
39488993
42082763
35720439
39705642
41941431
36531076
38001939
41783341
40357272
41564731
35616643
41660645
32757455
35529253
37190567
33179176
42460319
38534501
32500277
35483227
31627178
41747647
33735087
40012977
36148621
40358633
35565258
40670764
40123883
34365313
34277724
37284124
36652722
39613978
41712600
34737066
41157286
38238009
35698586
33936504
34478913
38007742
42216166
35741521
34877735
39657969
39941750
41928579
37858505
38184742
40548499
40121246
40681971
42518750
40030515
41717239
37492669
39572780
41787625
41603422
35021316
34840382
31867599
38290291
39702637
38347393
42155376
34673842
40922557
40678299
38099964
38985382
41102228
36553199
38631115
38874975
40278037
39618988
31877173
34469001
40012822
39278763
35783623
40781512
38369844
39167612
32592003
42351861
34786615
41289615
35344109
34295809
37068084
37498483
40393796
37627909
32179311
38364589
39210237
35071462
42346914
39565222
42020853
39184532
41008696
33129142
39725049
41524986
35577876
33718148
41844829
39401965
36368120
34276391
35938604
36438275
31275106
37564098
38351226
34129688
39412667
37823903
36354565
34534974
40154625
41912959
40208025
42037715
36207084
37269414
40360521
38424820
42510492
34011107
42236611
33371874
37028999
35511758
32674042
41734977
38388719
35040674
33517817
37888733
32941954
40160671
42282366
40137561
40835355
40603911
36972630
41752650
42416299
36556097
33331995
39971818
32529143
42192120
34891796
39790201
36712955
31031657
34787109
35359200
38505255
38237237
41093929
32705434
37791267
35802370
40668633
38717515
41745441
35290811
42169588
40831903
31218516
35875199
33847813
38224617
35623313
32235058
37250528
41308094
42412285
35721308
40835418
41501145
40833547
39802885
41150029
41419852
41710299
35204436
42064381
32062157
41783539
34643779
42272663
33613111
42218311
33623535
37759920
35726103
40870865
35822949
42311265
38539436
38382238
39487037
40600198
41071699
39151325
35645776
38337374
36532848
39296980
34817635
38692762
35852311
38932756
32446037
40252932
41899812
41120635
42088922
34459973
36175153
38770027
32609562
40007740
41120456
36651936
42011325
42433558
35527621
38702214
41590931
39375609
33014612
41137930
40216256
37516208
34870213
36545511
41095707
40328110
39228981
42464524
33994628
42344201
40120102
36807576
37957217
38949577
41176822
39995744
34956575
37955835
40075870
32554922
35633492
41634787
39821839
38933391
40279977
41750771
34970309
36275805
39907585
35211838
33141003
40039129
41669419
33842890
38979503
40174502
38975771
37088699
34629814
34976555
35530047
41181843
35157711
42491893
36360490
31863034
38869733
36355196
39257154
32937104
39826393
36619218
41284431
35458896
39795540
35626158
38415118
36371579
38216992
34087611
34120010
37859281
30635290
38664747
35613604
35983158
40214699
41337356
36836437
40748461
41557658
41991623
37685306
40150131
37658141
42286062
40382487
39969760
29460167
33019508
35990616
34136817
36387085
39870190
37005476
35425064
40344143
34719494
40450823
35093968
34764584
40416516
33332979
36068184
42193430
37623695
33068873
41277948
36978749
35880010
35626201
36653367
36553070
32683550
41454834
37945795
39410607
40560103
35648374
42143150
42168316
39003438
41152755
36359413
38855235
39962212
41405689
36078380
34715519
33445641
40011826
42338932
39800435
37171681
35140257
41568074
39946425
39381107
33936577
37800207
37022418
41095704
38388637
30300751
35198526
40757022
34131560
32813661
40580013
35430973
37571490
35784006
41366658
38381270
35964421
40313262
40066783
42209768
32064559
41804494
40472869
37961713
39773983
38933101
38587437
36098483
40150922
38756944
33937795
31002562
39665137
41238423
40628009
33533273
38132688
31946304
36045956
40594215
33616757
42315868
41828033
39989448
36399164
37688038
34184181
33092589
37980637
39306310
41083668
37370989
35953082
38319503
41274606
41808895
33351771
39955327
36583550
38886244
36061600
38752262
38116762
36704734
41551461
42072439
38893263
42410553
34178095
41842667
38293338
37403945
39174951
31013481
41292666
36723705
38790377
38517913
35282363
34159761
35146437
40450965
41553453
37798392
38335542
33101003
35106324
34899175
35155637
38504164
37590282
35990533
38911381
42102471
32548298
38086921
32533794
36933315
39796749
42074967
36257964
37346304
32056126
33045649
35328249
33370236
40260707
39114678
38627568
37456282
36324135
32982989
37024858
33075637
39673623
38247890
42036466
34745371
40745471
41258976
36617076
33569413
40064998
34917933
39381813
40548970
31547368
38785733
41704078
41962147
34727340
34020097
39058059
39788394
38988550
41333195
36067631
39698615
35232390
41594170
38339328
36457510
35721019
41163976
37129296
35293240
39497308
39973792
34033549
35064945
40276738
36763209
39351354
35161653
41868207
41910913
40960691
38538504
42257953
39632524
41388696
37208383
37858874
41142601
33018334
41915531
33738253
38967693
39098237
38715622
31230076
35095211
38333706
41547629
35183876
37093263
42073085
36460708
36292164
41726096
35907966
32249336
38486185
36156956
36138025
34042194
42248128
35891111
37769416
38627290
38987309
31020576
41062539
41335910
32768042
37832707
38874030
34057419
35150132
35359626
38042624
33269413
41796209
35148262
37213321
42471462
41740248
37875036
39685969
40023742
35885433
36627518
37416843
41750699
36055243
36215849
39983942
34953357
40312665
34118752
38220572
37786661
36772510
36979780
41405428
37223324
40552311
35372832
35447610
38645446
41920815
41064092
39904615
39388177
40830161
34817732
40144547
42498861
41494208
41107495
34891864
41290045
37761345
41240817
41675877
35454365
41750741
34557979
30539342
41594319
38596979
39562670
36240660
32850373
41233976
42056164
41081178
36191395
40831183
31788807
40660493
35626298
37703717
40818206
36907040
42077389
35696341
33191687
34098339
31396974
34617025
39983665
42171860
40732540
38961114
35960339
40382748
41337303
40750095
39537654
32802150
40804780
40586610
39141195
42347131
33178593
39657317
36980440
41546659
35785662
35747810
35732167
40903006
36842222
36120413
39267824
37387218
38224343
38596001
40191032
36832215
37398160
39533388
40834634
37130128
34528263
36675327
39947083
34786568
37950031
40034453
37969620
42200072
37022248
39309774
36568975
41647139
38505467
31834910
41935472
30804774
31830973
34321491
40917726
34608186
39535436
41993060
40913905
40257754
39426342
38446043
36213659
40913943
39068121
38022576
35978855
40919156
35072813
34663762
40057236
37873366
40564837
34476540
35844979
33934177
33094432
41394497
40039361
30929254
36111158
33378585
36555950
37237599
33798819
39300922
34157276
32080093
35757482
39223186
35652116
38194405
37561535
36553221
40493701
38333689
37864370
31093368
35241288
41128105
38020497
37571654
37370621
32974088
36593991
35873825
32681268
40989445
39220822
37248309
33018338
31946314
35465213
34511691
42506087
42396958
36291964
39013990
38666105
35530343
38150075
40836018
36862751
42072840
37046537
39193761
41188323
34402248
34786292
34055034
31454710
42209605
41145950
36994152
35345522
40463867
36859498
31197738
37892871
36194719
36222324
33075638
34764564
37660217
32723240
41788663
41528225
36685338
34568027
41774326
38977447
36708267
35603368
35636355
42310616
40379807
38729119
39196450
41358268
36522521
32098860
35344077
42443195
33686474
34873435
38181423
39094228
41848096
36878134
38341100
40350709
39871993
34642640
35017056
32234081
32797664
36321246
33100482
39281484
40134084
37255750
34820301
29989989
40868386
34322573
40868325
35283815
42456080
37189585
42388499
34912716
31105339
41797471
34868521
32298265
40039841
35892477
40361426
38937342
34646158
41215207
38461655
35966243
33993335
36139616
37346824
33279760
33060886
40185124
40672530
37552648
32750930
41023014
39609597
39522134
30877461
35277804
32622740
41513701
32108113
36465096
36434070
38787662
35055316
39962837
40281710
40062242
39022293
39841063
33589862
41217478
41585223
37424490
38937291
41619006
33778635
35150067
37416306
37890361
36308503
40266997
37330356
34763804
41694140
42190896
40001687
33487885
41895680
35942177
40322620
37333009
39830259
32247778
41326876
36085753
32797089
33437173
38706878
38381386
40016334
35308524
31153553
36743792
39594143
42040934
41505999
38883049
42229420
39913077
38470893
34975263
42421956
35646192
40084983
35986073
34310293
32355731
38185409
41170054
41604985
35600347
33809972
37323471
32426340
41092750
34295877
39992650
39747979
39615194
35381046
33110113
36939953
32597828
33633139
39320559
33221674
41095945
33137624
40725621
38560048
40652603
42163688
41479458
36115105
40042081
41961465
32658723
33152716
33275588
33963421
33848756
35003848
36820793
35176595
33018224
38676257
42033583
39753735
42147450
34337773
41353462
41236388
40964434
41399488
33311535
31407214
35261366
42329539
41822897
33139813
37340248
39835976
37627784
34573163
36983137
30902248
36426577
36534622
38309378
34539221
32982116
34067937
41919259
34255730
42117114
40097992
36832151
35286501
33579858
34666289
37924768
35233180
34381723
41284461
30316669
33490248
40484054
40700385
31920928
40628643
40014944
42236280
33018364
36611454
40686315
41892911
39429578
39847947
37133084
39735531
40810889
34022421
30909118
38147969
39399046
34375365
38347391
35422402
42440902
36472536
36428948
40606325
31765915
31809468
40377156
39477837
39152167
35071345
38321344
30638590
38871371
36725720
37186214
33183141
38895683
40190333
41337246
37907955
33088315
37685365
33481459
40676171
35720905
37079128
35987726
36627339
38416256
37189608
35095015
37201155
38947386
34892386
42462961
38855222
34891926
38724944
41282830
42346900
38862884
42491273
30421020
31929952
39932966
41417085
36356823
35025904
38925087
36471022
33727623
35578861
34068528
31391132
40448068
40951530
37141655
41058862
35953633
40204150
37450069
40579615
40112296
37343728
34293465
38680854
40112510
40594587
33619712
36326618
38413856
38095685
41057665
32676784
38670874
33132536
33883488
41477803
41862143
41076544
35851828
41695400
40741519
39364421
41440584
35974062
36910161
33418383
37988756
33450660
32837679
38902523
41444396
39144059
32888382
36639236
40070054
39925554
34997167
40459739
38505025
33655844
34450898
32568676
31217131
32915752
36915310
33738595
38472690
40532357
36289241
37898678
36407116
40096789
35904589
36786905
38253201
31156187
38494517
39857091
40780878
41718531
34993146
33018283
32182595
35396712
35885560
41681741
31600691
38615586
41004836
37420765
37680944
37167806
33018225
41426524
35865746
38933446
40745383
42135669
39788628
38294297
35235381
35680968
40961977
37491956
41147790
42136968
34870218
40401248
33705321
41698243
36035283
36042322
37669295
37573646
41661510
32506212
34569886
40983055
36829724
36140618
41770475
35930139
38302850
41336006
36433430
42439428
42439342
37504815
42107353
40760396
41202884
40922404
31062266
42174472
42324333
40056835
42183914
37933737
40022853
40187299
39668277
40040665
33946022
36063346
36800112
34574073
40300994
33983385
32076658
40893530
39080324
42189465
42036189
36828944
37300043
39176551
40249445
38432217
34950933
33309304
41522060
42465722
41464234
37770335
39767181
31696269
38547000
34262044
37971691
38403632
38616748
34158001
36140502
31811981
36832156
38684964
37064362
40031443
39933196
37602316
41318706
37758908
41537783
40128676
36933075
33329357
41383753
34721823
42436576
42194309
33551735
41136714
35582211
39368951
35405110
37307847
38447315
35996649
40722572
30929130
37458971
41989726
36673080
41435436
39594271
41134599
35291673
40858681
34871894
39547308
36419870
37646791
39650428
37346802
32046073
39641989
40715356
41247117
34333270
41241992
38270811
37555141
38899144
33957774
36173078
37775805
38594295
39966596
41003343
35840769
36375407
41329750
37817066
37981918
37827111
35091332
39589123
40251184
42483770
37224137
35217942
37425854
39707112
41691666
41007703
42399301
39454426
33828610
41838308
32433121
39165928
34245943
39657446
38713377
38720700
37115222
32603223
34185166
39502794
41027784
39303405
31598978
34919075
34720309
39160234
42187977
41046708
39682551
31011772
41637700
41015781
41807104
38071839
40903373
42512295
40765092
40976044
40471320
32160848
40100543
35733770
41745083
37216716
39311948
34082413
32818267
34891914
38683384
39959676
34136087
40799842
32894137
34795793
30819638
38487718
32314027
42443571
39944539
41058960
35207796
40118052
39195726
35137330
33665002
41117927
40600038
34907762
40995095
35288579
31876738
41821500
36773119
33074746
40625644
37582829
38514189
33971956
40050455
34723902
42416754
39226096
34867726
30453032
39057731
36981354
40617705
42192768
39282086
41982753
36212877
39104036
41728049
34668769
40411550
34812368
36183637
34923098
40454500
41584544
40155680
36711044
35177029
39453038
37953910
37199791
41232256
34983100
40759727
39593012
33014725
37362744
40259798
34381322
41591618
34970330
32906089
37806195
40715864
39280122
32659918
39250119
39169169
35894026
32828440
36590098
34968700
34636931
42094968
34496322
33523309
41355261
40803192
40712506
37798797
32339129
38135350
38059235
32832577
40567385
39290391
39659374
39270459
39871017
41092935
38089643
34126504
39425221
42297835
32855839
40992395
34764590
35042664
31521323
40146354
41564843
37685310
37340038
40102464
35765410
31856050
32990513
36009130
36396839
40030354
35157332
34871936
38132698
39249505
34422778
34796224
39554098
37975841
33933899
36859730
42342763
30452432
39833503
35172253
31396352
39579195
41376905
32914606
32130734
35178233
35991584
37647890
37688435
34121998
36900008
40555751
38472513
36279768
35238972
41007196
33007769
39656236
34890013
40665069
40188781
37848677
39070173
31229940
32617690
33864189
39397908
32294604
36090283
34181310
37888310
36143464
38833895
40772430
36387304
40116887
31236362
34089524
38864947
38219645
39272662
32021737
34883977
42301012
35247730
42518770
34030743
38883273
41275853
40603523
33821092
40601933
36673122
31865510
40606385
35469220
36105664
31217099
34770574
39153380
41299513
41561244
38633079
38195496
37226013
41865812
41250731
34460593
40746048
39576800
42042932
41266696
38343233
31778088
32940026
42507605
38951603
34330117
41429895
41361359
38619571
39215022
40381026
41089036
35987060
40999029
32787937
35581409
35674824
36188482
35800236
34667233
39023443
38217513
38243275
33094867
35422751
37957363
40740833
35076612
39380892
38833393
33545639
38203011
36849746
35781967
33563200
41265493
35140277
39280120
36017768
40987013
38142572
39963427
35140903
36469151
34821963
40564481
40283604
36109146
36594835
41442042
38875547
30778739
40647635
36266403
31395546
38627315
36118683
40183951
42304021
34957947
39926426
39056406
34287213
39722324
36819249
32477677
41128874
42040644
40075871
36093418
42092367
36541915
34669518
38404714
41812081
36635120
36236757
42159476
39537123
41616240
41335808
32712571
32397844
35161486
42153150
34912820
41161843
41584219
41529292
36372697
39241784
40248190
41402470
38786347
34658481
30334789
41079948
37524065
41637821
40442312
40665115
38253989
39481431
40011345
35368931
40255713
40039000
42366024
38751101
39949849
35847481
37508850
42127068
41324009
36483179
40126796
42520085
32378776
42149789
33029634
42206568
38285679
37437805
37713999
35311111
38789330
41825499
35997607
40183298
33727984
35173191
42518956
40628813
34610501
42401077
39356368
39775897
32139272
36945733
39190512
37028237
36097771
34858113
39347977
33492267
38704793
38106259
36292230
37594684
37981914
27741066
36128254
42513400
40010625
40067715
33260113
41237514
41908008
36354559
38672253
37866193
39443548
37388644
36937671
31168427
36292167
40995622
40954156
39294053
41424995
41150035
31515752
40183426
38751048
37421596
33928493
35096129
35462216
39195544
40424859
40634463
34779139
36580684
34993572
40121609
41602433
35734777
36080940
35931872
35896367
39314501
39881111
39973778
41781427
40206108
41096074
40166557
34782727
36529908
42479708
36576545
37760882
38522253
40539353
41232709
34907749
37255920
34097708
38196180
37761882
41868687
38339562
36988164
40217112
41337008
35197504
35809407
42417181
41497559
42346896
40035671
34888699
33797468
39046565
42147037
39345522
36543003
33867774
40399378
33524220
33240068
39492332
31131293
39601611
38637240
34279835
38491244
42043547
36298186
39775578
38942817
31549323
35326275
39447958
38699170
31811343
39119860
39457657
31747373
39188670
34358534
33758127
37998091
37685311
38083660
37809015
33081700
42279522
39621209
41488250
34388465
36251150
40912952
41222634
40172325
32858281
37973631
38654561
33527788
42069522
30302589
38983440
37550543
40096788
40281737
34518740
40241032
37670164
38843572
39566747
33330341
40974077
32721827
41372855
40396533
32220743
35181681
38904060
37768493
39394688
34974232
41558246
32341846
33820755
41209992
34565412
36212443
39425751
36625882
39398015
36010226
35271304
42309652
34520988
36699283
35573661
36717988
41882174
39331600
41655407
40318573
39468863
37177830
33489117
35271382
35551127
40712211
41533910
40799470
39205092
40335378
40200295
40300640
42444561
41359109
31562158
41579047
38436886
40187199
36816568
33440674
34229061
34902610
32116837
37173930
37338739
41803329
32492582
34206103
37467800
31620549
33361557
35440609
35771263
38237177
39046527
31946301
33179610
41869384
40451921
40016318
42083523
37469843
34533669
41336781
35633505
33229343
40317503
33780867
35868050
31714194
37664757
33594159
34388469
35767979
42443242
40603518
41488085
39866889
31884904
35659387
35455654
36776955
37184500
38503827
37027274
39906153
36086586
41085732
41910751
39978091
37920295
37217163
32865533
40606344
40630571
40131110
34298796
39932109
40691585
34076857
39569028
41843310
36553864
41380797
40567689
40165465
30758694
37148350
36036857
36543901
34095168
39768082
32879756
32995596
35717560
30826448
38396422
36991276
36588550
33875452
34874934
34305777
36765908
40185424
37595522
39567447
37125604
31710769
38207093
42273105
32658721
37841006
39451604
35923153
38755275
31202569
37969955
42140287
41839680
37672075
39490357
34938819
37866127
34837826
31279167
41967037
35119589
34276262
38263402
34087705
32303861
37717365
31602087
36970887
41955258
41941563
34891782
36048435
34696066
42276805
34335865
40649169
40032762
38159398
38713024
42410534
35059804
37609311
32243657
40445095
41162522
34422549
37274239
37568946
40609554
40722008
36274507
32322196
38863883
38031032
34869438
36105388
41748724
41378346
38376042
36992851
40347080
32531719
40823066
42174042
39737424
34145374
32953971
41593314
42370443
36292226
38412582
42069836
40127071
36869160
35905310
34447527
36524065
35453870
39682584
36148416
34171743
42019734
36772882
39698507
42204350
41899699
34385089
41748575
34517512
38822240
42235582
41069622
31066686
36196946
37289274
41411774
30856455
31673998
37978266
41533847
36016997
36872505
40855448
37370889
40563789
36010194
36614812
38701305
41767914
39143180
36935854
35228781
34818637
35360550
37578434
34601310
31585302
41001370
42483305
35199210
36292194
33732553
35111616
40989790
38270647
35885745
37980594
37956575
39367444
37564702
39057739
39874050
31048129
36574592
33836449
38812845
36545743
34695931
36114898
39912111
32171912
41246564
35575610
32742134
30575046
37210151
41175797
42236849
31681457
35810587
34120072
38507031
32498641
33461446
40310386
41083839
35705663
34651229
41590236
35814761
41150019
38580737
34989484
34508120
38483245
37868796
32635409
39449697
39354009
42443285
33050251
40039646
39042373
33409782
41222816
37039688
37122374
35120463
41984454
32473783
36968291
34264351
40933027
41306624
38353632
40949966
38687654
34107467
38020169
34220289
39106672
34653254
32331359
36827870
38167058
34574053
34764864
38260571
42142114
38356216
35053031
40335930
34992676
35525857
36079086
36352008
34232350
35751196
37216735
34854930
32573116
36447168
34441340
40628151
41303208
40554122
40804827
37018519
42351455
33651768
37504817
41291081
37149920
42257775
39487431
34080105
40969490
41874882
38031787
42148603
35597029
40929122
34683149
41081167
38343214
37263108
34430677
32082701
39446167
33774339
30604101
34393210
32380147
37028037
38353633
39178097
34469808
38384484
38021075
39494854
39227538
36035291
38352765
38415109
33968399
31607348
34311473
42351911
42431590
38809438
38900042
37614342
38783015
38494939
38488431
31210661
38812768
41940478
40520778
33678583
37784169
32219151
35360838
40114963
42129787
34101842
40453037
36088814
41168494
36033449
40939459
41890225
41013498
35785081
39198286
40703133
37642722
41497515
35237892
39367861
36672430
40389149
41225966
36085739
35740588
35442883
40083877
34030542
39006822
34764567
30996009
41169122
39145255
40108068
33486337
40543244
39834502
34449713
40894124
40584904
33322559
40423893
39624259
37333825
42120538
34412837
39398279
41152259
39826774
38148517
35371952
36343408
35925854
35161507
40512721
39527411
35962007
38247956
42068095
37095310
37822036
40893491
40046237
40094700
38098119
40615608
39090456
37958188
41461305
41196189
37773288
37046530
41906333
31904391
37760174
36701964
34882890
40267741
34876763
35094221
37869086
41943462
33686820
38263714
41714260
36863883
39221515
38698099
33977113
41959177
34813479
33411267
40301802
42054756
34710891
42310216
31634822
40597798
37853176
33731417
36856092
38342924
36976438
39133901
36039092
40348987
38269873
40326877
32304291
35609213
34478565
37016416
37454342
37623009
37923627
30889282
37066943
42049087
41740271
41254047
32304338
42426690
36385486
38955592
41152440
38142175
39045216
31395487
33784599
39852281
39293231
38214942
39135949
42367059
36673913
40351458
35300519
38696188
36980707
39757669
37789621
42056967
39357134
34604036
32447144
39938162
34500139
39379733
35419818
40075886
34311742
41330727
32622304
42458312
39905119
40039602
40709302
35092598
39850782
38573489
40454208
38188182
39468375
30847821
41594162
32642655
33041409
33014597
35695860
39700855
36566995
37348439
34259149
35597030
39539818
40989429
41210079
32708419
39551847
39523433
36201136
39400833
39632902
42388511
37953867
33524958
40014549
32192460
38746523
36825823
40786983
34463809
34217980
34350412
41345430
36158870
42202764
36611459
40781137
41321766
35726811
42049816
40156689
38151502
38106310
42469695
41122755
41984614
35162424
38837348
39889044
33782844
37256795
42097852
33709532
36192521
38283620
41795130
30835218
36590099
38350900
39422997
36850583
40436232
38981713
33878887
39325615
41776189
41081229
41444826
34786077
36219722
36229252
35910043
35562633
33337584
37635985
38368481
36713615
33689107
37671060
42493351
36547067
33062802
32462445
39180070
32788705
35877637
37121951
41746161
41515756
32768047
33081694
37087517
35572385
33232368
40893488
40185925
33471165
34218292
37925204
32139611
35431458
40001654
35625967
37221360
37347626
34742108
39239466
32454879
35536493
33680212
37652263
41019686
36864930
31264017
35108415
37546855
34833710
36384059
36372871
37458631
39241003
40396157
38820677
41249242
38712667
35689486
41114865
39167285
35768751
39380004
37767358
38056081
38750436
38846308
39688447
37498011
41775791
36928398
40031779
35164888
36401636
40694826
41747527
38642094
36532287
37258516
34260970
32537025
40933945
35712004
38224306
31947269
39008812
40148363
39593736
42031968
38537294
39085461
34661294
41833743
41288884
35874855
39249515
38316655
38717293
38698545
42085511
33328124
35218428
37958454
34891852
31787874
38651018
40702276
39585389
40301625
39909993
32824765
41448509
31697697
38922721
33270746
39953152
40033122
40771942
39099589
36559970
38083702
34144309
34804446
38653077
42110038
41452460
40209556
36478311
40597023
40067669
34315698
41376959
38362017
34055098
42057155
39272626
32485640
36328943
41439245
37474615
33087739
38046559
36525914
38650351
42233513
39915478
35281546
34692189
34117018
40297370
36248019
42386861
33350891
35310011
33826769
35661280
39452059
37511824
37499478
37532752
41586845
38237522
39869791
36254789
41348154
36910488
34359296
39251987
36460220
34354943
38363487
38623640
34589528
36071368
39119151
41136620
41512998
37156977
40418319
36640529
37810591
32615440
33547645
35568820
38989919
40989289
34274689
40897619
36520181
41788669
38427514
35204619
40138998
42209815
39871149
36126515
41008729
39874684
38814764
40531801
31865281
34875512
39285629
40666317
33449887
39780045
40576867
34887708
37121983
36737273
34899510
34390938
40945208
40385820
36057788
42360668
41686074
39606583
38503087
37769550
40494699
42482570
37766055
38518412
34164472
42058733
41844537
40223153
33422894
41342173
36832288
41117885
35282821
34115822
38905045
40007309
35428990
39920001
31794419
39117359
41274111
33921652
33959965
35391768
40039092
40505283
38261897
35684871
32738913
40455403
39061704
31671711
39130473
32285220
41749700
36936770
41086721
38655358
35945982
33018310
35213110
33166256
38626509
35592256
34999015
40010011
41719271
36358875
41827775
38894742
31016442
34721065
35905038
34018932
37500173
40564769
41822300
36365900
33025044
32621243
41457976
42492117
39531925
35877363
41954793
36087510
36357627
36541557
40934072
41805094
33913675
36778519
40410106
39984532
35212436
39518314
38509635
30507498
34727258
40492092
38653842
34891933
36532806
41355262
42121095
36645508
41154371
36548288
41700300
37293347
34666714
34670749
34908638
39663578
41892069
39961957
39897224
31466261
36463674
40546332
36606077
35769411
38629779
38607826
37009697
40982205
33803297
41803519
37874426
42489532
31153323
40625299
40731282
41030946
33658944
35388331
39212565
40736409
33857181
33571002
35454949
41008698
40068388
42009326
38926479
39147767
41229616
40278715
39123064
37013422
37698959
30106711
42475211
41992197
35951641
34421341
34921619
38728318
33448905
41444395
35626328
34669582
37170031
32484093
42436714
33410639
37631562
34764553
42420768
33286662
37833242
39941677
37448543
40206681
33186809
37943313
37789095
38015665
37546407
30758682
36789136
33637807
41828013
39396499
40228373
37909025
40995989
40440147
33415015
33680351
32794015
34032344
35942198
34627926
32464565
41062640
31871932
41526535
37139562
33168496
34493208
36073938
40596288
42511950
35204404
40379688
39650355
39735724
40502266
38445459
35968409
37416918
41436776
36983226
41560964
34238951
39176054
37427350
42081255
34734373
40095252
41210923
35029078
36452488
40732464
39793514
32256555
35753936
33201278
38471111
41781549
35782963
32594208
42328679
39726682
31093956
33091743
41299313
34113843
36766537
41378488
35489237
34777680
41380177
39327378
40612382
40128503
39650528
37028281
38467755
32504345
35307554
40945221
34958422
35859144
40158456
36738705
41326828
39351025
40707767
32974688
36313252
41154448
37336431
37526548
39354975
39048455
39837061
41214229
38123587
40114811
42431966
40227611
35204321
32143797
39857036
33862564
40170435
35847603
42474718
37193804
41344151
40709680
33518824
42115281
40242247
38874025
41579654
38955536
36335227
41408069
36556024
33562309
39832039
35893113
35062611
42517899
31062113
37868586
42239655
41210880
40042650
39963548
37891408
39941307
39873009
33219347
35898877
38511905
36703930
41596049
37326816
38703602
35364383
39659489
41007731
42158055
35536056
32337662
37869855
39214122
41354762
39812675
39730018
35054290
38000477
35773100
35770958
39115329
36792647
34651046
38206401
38919881
40709742
41209184
39771685
30737827
36919656
38377634
36910524
41840994
32330923
33793650
32524787
41004646
40638994
38346111
41109951
38872076
39910567
41972366
38176355
40354785
31804183
41060493
33564322
38786283
35345493
36434397
35952897
32082370
42176556
37665121
35785776
39390604
31041565
34859369
41157196
37336707
40844571
34245995
37681965
35966529
33240975
36883646
38702279
37060446
36383743
41854843
32776232
36765086
36772394
42056374
32329074
34837030
39500789
31813050
40613086
41580460
37767905
40665544
41300869
39337926
39232404
38790458
41719867
34829478
40038933
37643927
42436723
37672056
35186603
42381328
39776853
39024472
37756174
41744538
38790338
42125996
38218442
40986248
30982683
39412975
41008708
32133950
39896387
35489145
38048824
39673838
32767102
37508897
31032544
32038150
32318102
40563036
33001309
38151565
38640144
41350423
37996651
41170771
40398003
38034401
37393538
39997533
42163216
34206540
39826832
41995833
33408793
35624544
37163066
40792842
31689276
31251300
40263406
38532511
40892865
35522787
41440336
38714019
35367775
41749494
41738591
33109920
32000101
34364263
42103174
42449696
41964309
40056140
38409244
41913134
41950940
40147215
42351894
35851322
38716037
36832106
31366998
38429796
40743295
42143301
42188715
35969934
36996601
41134912
40748964
33996224
39747589
39560696
34171641
35981138
37492242
36170446
41659040
35588680
42101624
41792429
34891877
42059635
39947148
40415866
39705726
37868750
35310449
35990197
40097664
35155465
32375101
33796604
35562705
41675776
39801073
37718372
38195977
40489850
35301516
32696253
37519206
41864172
35210490
38435711
40849716
35958763
34998070
36509806
37998607
36179700
41339543
34891847
34422034
36709332
37431848
35211930
38584851
38300293
30976081
37052912
34988656
41827668
41783079
36631349
38454349
36105824
40355636
42352485
39705795
41721332
38766040
32848533
34082280
41130628
35281945
37362699
41228201
36819253
38508053
37296239
33976457
37604079
35630053
42109389
38329740
37710208
34249658
37595684
39240595
39658686
33335244
40241852
39393209
42456900
42359154
37670143
39528206
40761684
38127073
40882615
38848616
41689982
37817823
34629991
33937787
41820475
40434851
38139493
41731328
42288632
32568668
37189520
35339951
35320587
36650356
38367451
38114582
40745560
37181405
37795593
37427585
33937838
39313716
34891930
41153232
39518384
38642960
39021439
33430797
41982549
41669415
40491217
41676330
37697262
42316077
36296677
31340134
35774437
32825442
38538841
39789894
39965789
37296683
38411729
30426362
35286619
34122531
38822274
33897053
37143945
36732337
34376721
36672656
36386384
40774874
38776299
39601654
42425049
33919447
34062762
40038136
40313917
40599379
38463442
36690972
32176675
39747203
37692093
42181902
38742084
41526840
41768120
35310099
41616271
36010265
40591977
35965800
32974414
38627718
40096246
35475912
42308243
32839096
41749703
34556677
34710175
36807381
39951414
42512445
38530554
41372720
41444763
40277425
34342365
37253355
41914320
40779148
40218279
42044246
40111345
36010174
30584016
37122956
36326937
39966960
38224614
38699330
39862469
35741314
38653336
32837245
39053035
40775357
35372431
34350405
40150060
33482430
34388625
40030294
35463234
41793074
35589847
38843963
37627200
41212708
38182616
30849350
39254903
39369718
40764518
37980937
37365850
35994932
41595962
38528100
39561667
37480547
40442191
38921472
39235402
32583277
41491079
41733641
33108475
38105894
35633922
36624826
41026235
34200270
31075042
37983902
39768035
40193105
40661774
38983351
41604786
29993591
40590781
42087110
37027657
40763605
36751567
38702212
41608016
34598869
41536040
35201517
39349784
40727416
39864839
40997632
37957203
40859774
35640389
35207631
39900214
38872945
34862094
39253215
42265152
37934495
41669428
35525213
34749636
38617949
39870036
34220480
41495455
39222565
33824681
38697800
37666922
36147867
38883643
38514491
32532925
42194524
34745513
39620311
35274218
41293690
37203787
31307017
41826522
37308995
40030300
37507581
39975425
34820029
38077569
33329940
34388460
42316047
36520552
41389065
35029631
41182393
36978754
33498908
42358551
37061117
41778236
35349542
40807905
33556604
41705651
41415891
38045314
42337617
42163319
30928472
39299953
36832138
39145034
39679470
41121097
40911178
36099419
37993627
34665277
32086583
37662267
39665633
38249212
36598690
37097142
35854766
35257013
34975444
40739101
40344945
40104981
36869656
35197468
33674891
33954175
34513220
39488888
38396388
38197730
37332035
40158238
42356007
35659446
41187827
41191287
39708244
31141794
37452930
41864916
36122302
39973774
36595270
37652014
30707177
34971978
40144553
40661291
36897658
39509018
38759692
42094125
38632686
32606487
38471960
39293708
40663220
37284077
37627856
39529916
32339081
39491716
41731442
33346145
40986943
40939462
39391583
34185057
37434766
41231434
36576543
38532840
36721408
35751697
35529263
36978673
41038229
35213545
38245813
34003990
41286123
30682584
39986257
39501515
39277722
39162636
35328292
42109324
33486368
41021656
39759571
37272287
33392030
36249050
36630071
39908459
35333316
38065392
37029272
30601030
41821894
35615731
37855421
40712385
40775924
40536279
35240789
37547613
38513397
33164982
40627277
34006910
37424918
39332451
35750976
35341267
30854458
35110631
34114064
31316369
38744010
37155222
33179605
37644987
34852007
41473412
34707347
35370462
42513439
39007984
35965589
39312120
31762533
37496739
38620521
38091612
32452927
40658115
38624806
33664111
40916818
37769746
33514412
32702902
37703431
36765615
31623996
34153950
37213305
39062892
34617036
41398110
37622561
39186337
30398430
37711811
41420667
41750207
41875369
40762174
36204543
39529790
39357744
35009710
41606103
37776730
34548850
36792654
34007305
36878470
37362702
32170334
36292003
41049163
38750725
37804650
42362656
34502769
37700385
40710594
32167652
35821878
41027941
36806042
36085759
39587224
37368800
40613973
38928724
42373799
33123938
39384413
38685941
41933058
41007223
40402290
35317128
37296806
42138578
42247432
36826956
34961458
30735860
33658025
39395206
38343230
39413822
39973782
38468358
39875741
36769653
42377437
35771385
38789911
35880443
35498184
34573931
36082205
42026568
39794374
37568477
36848765
39645459
37646463
37566820
38365831
41067972
34929344
42463622
38968751
40101092
41676469
41336771
38845293
41595131
33799509
40513479
31358808
41581251
34709561
36180035
39901943
35182291
38277921
40493909
39903180
42021187
39572171
36673578
40780043
33603047
35040676
40487956
37731760
37968437
31348204
41206832
39576046
40318516
39435294
36345765
35378436
40051367
40969395
39996895
42135595
41484308
33362346
33680628
41654750
36618887
36949356
39707207
33760269
38101505
36833124
37329802
33606779
41456841
39466508
41991821
38302604
40909848
42194345
35250818
35431785
41303782
39470986
42362600
37746086
36096822
39682619
40247001
41018545
36859660
36433595
39335688
38392093
40281216
39076659
31728935
40301479
40423258
41596055
39123308
33804609
40691572
40058736
35986808
30367322
36766587
41233843
35226601
41327769
36574111
41062736
41341807
39897099
41115948
41679586
33339385
39321007
36832292
37696184
37673585
32911276
36744216
33309556
36908158
40960397
35008177
41637014
42223485
40596742
39832921
38055336
39335759
40064997
41449566
40252282
31424279
40327945
41091156
42094132
36743439
34733239
38415481
41577795
36617796
35698723
33004625
37920011
41633129
38958754
30990179
36550975
32053552
41440573
34412602
40958317
40809980
38810378
41121304
40850187
34592696
35832843
41771973
40612575
39190714
39231883
38852900
33407448
40902337
36061007
41013286
35901600
39728219
38759258
36655272
38250018
39851225
41555464
34780042
37492175
40449048
38687043
41928849
42000870
40610693
42135376
34254200
39314940
34625834
34599654
39662313
38858631
39827035
36214848
38964246
42427878
33433395
36905102
34259591
34663260
36909593
36980463
38611581
34737335
36728041
33283209
34623738
40785866
34721825
33710798
34362695
36593139
41501304
37069451
41975679
40474125
34177038
40875079
41339453
41114389
42445708
39885080
37717420
37568821
41295556
36686559
37290819
41001382
38927793
39901085
41590921
41307435
41828028
32894711
37116670
33401581
39149563
39081256
35795700
33801994
39852683
38259826
37567228
35116074
40523575
39951980
38106283
38857140
40212272
32833639
41146428
36935744
30885592
40791854
40682091
40487013
31451989
41220406
40718419
41556393
33633213
41057591
37046438
36899978
41705147
38908922
33559862
30448734
40487349
42165913
36003072
38878404
32164153
30835220
41686223
39910704
37321334
39892529
40948501
33136540
37735892
35500498
42467296
37347482
36716039
39085681
32712524
32240409
41267181
38725425
39393513
34201045
38593258
39811700
36848011
42363169
40719476
42329889
36017838
39473785
37362712
31353336
40636395
34800337
34723206
41949516
32658726
41900194
39600159
39898709
41587618
36526533
40976894
39195729
33037291
35958478
33479859
39532960
33915472
36682152
37761342
32729263
34197318
33849811
34891790
42379762
41722009
34864582
39503602
36845701
34970608
38468955
35990126
36672281
33965836
39224914
31950301
37448546
39540567
42000373
37728034
42459257
34891938
33440798
42009324
30338477
38370353
36790820
38749281
39847156
42494969
33618420
38269908
39466652
38577506
42380417
36217534
37291384
40965246
40909443
38062449
37207799
41638266
42448596
30390512
39970824
40447246
42273099
36245837
31945615
40773787
37197944
35814362
40516039
35364712
35571991
39923593
33646948
34198284
41979757
41040522
33863534
34235955
39282826
39353848
39816348
41700925
40209153
40866645
35280708
38756151
40483292
41656681
36705919
33018217
37855699
40809960
35925871
36177546
37426622
37974583
38316678
35280342
34131794
40868367
35434261
38978524
42108444
37448800
37061591
36603416
36587290
38044991
42477203
40897831
40259869
36590235
38408721
31824982
31811363
40311468
41335927
39715142
30951557
40413203
39984860
34733603
37555147
41122649
34892125
41127561
42063605
41140616
41034242
40271993
40926451
40498724
36368975
36285339
41832284
41006506
39532777
42086843
34736226
41495456
35678861
38261899
31102462
36199694
35368227
35999992
38997836
39695435
35882966
38269714
37657204
35038994
42225724
31046514
32568730
41980310
40286496
42082966
34428169
34512240
37052658
38669717
40817268
36999810
36028066
38625255
38672097
38058649
39905029
39520838
42196891
33006703
39652970
35571692
35194056
38337072
42072846
34812364
35125606
35355847
32550134
39154103
38135932
39241271
37166578
35167152
30676952
34149385
37840934
41822381
36580220
39979761
35671679
31841950
37919325
38721977
37761320
38506619
31025248
34508976
33373298
40955186
41815069
41729848
35204621
37322046
39830743
34079717
40762846
40819603
41557570
34138724
41216328
35770126
37891590
36692205
39232180
32020649
31420832
41686381
33937830
41843123
34825875
34873241
35250988
35429716
33372243
42361770
41374470
41316386
36434060
41394445
32842922
37122366
35772232
39967188
37300357
37109505
32385375
38770294
31853395
31683260
35997926
38565728
33037212
34422120
42157015
39528888
38954916
42498651
36082344
38739503
42470916
35726812
42204783
34235005
33557772
32595465
42036459
35807203
37155461
35576824
33726909
38538708
40554976
40055057
35709711
35686901
41429890
32357201
37363343
38687933
40044743
36442609
40506964
37958277
37853228
40018795
38779912
40813783
41188788
38767055
36832103
36580181
35911847
41344072
35763149
36958233
40408875
30460529
33527035
37670740
40849507
39537775
41251734
35571726
42236202
32893924
36306391
40079653
37942151
36303784
36346097
37876473
37568918
39054070
38308670
33192159
37797482
39674071
31958630
38360049
31505046
37489854
35962982
32986647
33230503
39194400
35641505
41133168
34526447
32101464
32487083
41851362
36591693
40215867
30397632
39690074
41177221
41179656
38853158
42170695
38364600
34773767
34339378
35756267
37616143
41131103
39704389
30821810
35870296
33591922
36048541
37716245
37106689
40982373
32507394
40621110
42350468
38189316
37724118
34986785
39520159
39424632
40998856
33441825
37922655
36359471
41367647
39825619
33048183
41591609
42184692
31754634
40402696
41925836
39778310
36307914
38155247
41374716
42067471
37715993
37687825
33373815
36880944
37437591
32418221
38947008
39267547
37064158
38292305
40344954
35128111
38137941
41383998
38373278
36503715
34626333
37938631
32707207
40313229
37920033
32503330
42292284
40429798
34350408
37225612
39489636
40740831
37030798
34608379
33785852
41785507
34393718
34387227
41389905
40499132
36046057
35246986
31284442
41665496
38906576
34122144
35738236
38860897
36697456
37174953
33476487
31443556
41530445
39488247
34834515
38672556
32755163
35441530
41341525
40739060
34146799
35862326
41832258
38201314
38983227
40369011
37708209
31853655
36574598
41667529
37007200
39833600
36431117
38988991
41247514
42175373
42097087
34666874
32604042
39445066
37331824
30318761
41872336
34982041
36424266
32745977
33995252
42252862
41692894
40936310
41970019
36937493
34004495
33571095
41691916
40291992
38000257
35207017
41085708
42037656
34619675
39494415
35788757
33932241
32092710
33879976
38876917
38749324
35290810
40314707
42323398
39149161
41707013
40074925
33257700
41261574
32924031
32568685
36772733
37071250
35210447
36502764
34234822
42247549
35794537
34781234
39910114
40768405
36187893
41813800
35502379
36816391
33078999
34347537
38042764
35172090
42309505
36370592
37634074
32717577
34345118
36894697
40400660
30295634
39212564
36211704
38406769
39966210
36647150
31851961
34788124
37673060
39078867
40382387
39451631
38913244
37337101
37362648
31567561
42196794
40297694
33255308
30422086
35054330
40846816
35445285
37756305
41007220
37206148
40330538
34312463
35711073
38766558
33344471
37709003
38091333
37212468
33168936
38215580
39272656
32590373
34365472
41102432
37454556
41734197
41090123
34113656
36085747
37581080
40211963
31418157
34649147
32408222
35524089
41050554
42380347
36277300
39085456
41348081
33837806
36934383
36911283
35781919
42398302
35280828
41840134
34101609
35595784
32278690
42211395
38435578
37869296
35777084
38729652
34153870
34450802
31299053
41895192
30418891
32818081
40893625
42234110
33225476
40523904
40240555
33286802
40385384
34328531
37832194
32821488
39881216
34385898
33259973
41370952
35270913
41622323
35107306
40478143
34609703
40020564
37238157
32813309
34226832
35003844
40764802
41074219
36093719
40444937
35703566
41286703
39372816
41591137
33789137
32019371
40399406
40314583
35083528
39910477
37410472
39780117
37058323
36530682
36266650
33328058
40144691
38082813
42000653
41058851
40773786
39297463
34814936
42281195
33485074
39079324
41615841
40124330
39170939
40871851
37957952
40378378
42277670
34777193
33631317
34329864
34926416
42013611
38471504
42038539
40489519
38125517
40386715
35149255
34812352
40691526
32681587
34548173
41803423
38009583
39104178
35616733
32239521
36802858
35341149
41639316
38368176
40627036
33014579
38710407
41813681
37835850
38436698
39764408
36929090
39629569
35103391
40210979
40668132
36896335
39849306
34555555
40702787
33778095
35037969
36695903
42162743
40750659
42178484
36278391
42491377
32072260
36901273
39630834
34842959
36983728
41332706
41768130
40928343
37404620
34753454
31044393
36507529
39758707
36611396
33967366
38668072
41099594
42066626
36691030
42480586
41209490
33018327
35083756
36312034
33761380
37244145
35892504
40487246
39272643
32190744
33735451
34222368
42273988
41132707
37414257
34306240
39486884
32862314
42020549
32001294
37892317
39244033
39828866
38183693
38404340
35740487
32132913
34086565
39444813
42179777
37322299
35618740
39382960
30391345
39842945
41390620
42194331
40857849
41454919
40612805
34040283
39953259
31636195
31035406
41275578
33799219
41888535
39720940
31969525
33747417
34173314
42508797
37092210
38390266
32775302
38837967
37370560
38441702
40179945
42420647
40640822
40720400
38789925
35853048
39319553
40355689
33481071
40334297
35906477
38233597
32961401
37384290
32601367
33422464
39991909
40695098
35868034
41336891
41374471
38461438
34374181
38243054
32103888
36671578
34975455
41735399
35471179
35740620
40712914
42343332
41061393
42064001
41246204
37431592
31324579
35344803
41204379
36865001
42477401
40067105
39022265
40001024
37321875
40343649
34735458
38251704
36409317
33540873
40604929
34790343
33912622
38934096
37324063
33374377
33465405
40833260
40933157
35194737
32968881
36651358
38749827
40693169
38197796
31734325
35980454
37578917
34229998
32930606
41958095
36051279
42232555
40186648
34269609
38910301
35741650
38875055
38896146
40564820
42391222
35468494
38484392
39197165
35968248
42295572
38184539
34199790
39438547
31537506
39658682
39966317
42245956
35582210
41855851
40566530
35888037
37846440
39666107
42306243
37998620
37955065
32549802
39289394
38694619
42098614
39371524
35983528
39202266
40432913
39778239
36048319
41032172
38918982
34101855
38189449
35328288
36544802
34141888
41547727
36568257
32358643
33511425
39375429
38892804
40546028
33543442
36248650
39395303
35787927
37177652
38231804
41053172
35047635
41409326
36622465
38452685
31323604
41089191
35765538
32682084
34778923
37720352
40568213
34716372
35495884
39985841
34891792
37027632
41798873
35419076
38510820
33749862
42169950
31128410
37747455
37220492
40423005
37183577
37892964
38534494
34367532
35996535
32773965
40762900
35084208
41193563
33293182
41693959
37759791
40863470
39549224
41593164
35705930
42344276
33504310
39989710
40894286
37491543
38150003
39014178
37544941
39766377
38716062
30859341
41594339
40361994
38151381
42506861
40622614
39970842
39061641
40202966
34274267
37370645
40567895
41207963
35357541
31654174
34891950
35368962
32117728
35024009
36496525
41527065
40824403
40902925
32996707
35032039
37506845
39640273
42508236
32973192
38510062
40492267
37587819
35385832
39852319
37761748
42190112
38914461
30863524
34606451
42433572
35754515
42158119
31211791
34638445
39871257
39887547
37932709
40269821
38489765
37362706
34183684
36312010
39997996
41522053
41491737
41383399
39178085
36442167
40436916
35810508
34003757
31603807
40683943
35580067
34114091
34139438
36912139
37833055
40947694
35913591
41955155
38874032
42332240
42303943
39906264
41065340
39001465
34306588
33817018
41226002
34764547
35520102
41174141
39405074
33277670
35259709
41408195
39234740
38978640
35381895
36911280
40128451
34966463
40782198
34348922
38737734
40983859
41749697
36876362
35672719
35651528
41972022
41797162
39046593
39869390
36650800
41850174
40738054
40627133
35797580
36121183
40688579
32715584
40915232
31939003
38435579
33038076
39371307
39054448
33485057
39948696
41602410
37424493
41083840
38660190
35446300
40981991
41967163
38221995
40857848
34898850
35259636
32938394
38824965
41150036
35455101
41061728
35390723
41957506
31822970
40786086
37128453
41295087
35075334
36344633
41522044
38463848
38861071
30802813
40826204
37770329
40047870
36741058
39547802
41048339
38663216
35068707
36829688
33809665
41459735
34927174
40908232
39531808
38886001
37562802
38325190
40151966
35509859
38960866
41871503
40607969
35408340
39043757
41801916
35052328
40536703
40816104
34690556
39640208
35028122
40365577
41204957
36470698
38993628
34933123
35692695
39213233
42432629
40567944
39673008
39710565
36142563
34388462
30972686
38390107
38252192
42010234
33018308
40949764
41746742
39869555
38002538
32203649
33924549
40974861
35557839
30653397
40751063
40552679
39094243
37439250
41281625
39537545
39083310
31911737
34290333
30734932
40802823
37965219
40858729
33293590
31391038
35985185
40866773
40226842
31635910
38627421
39827273
39199717
33129149
40144457
39217667
32194821
38083338
41697766
35132970
34951844
35049843
41892599
37081008
38526706
40028214
35197110
34617029
39941290
41634854
30776671
42122083
37704805
38472024
36832192
41609765
40010260
35147414
34079932
37787869
42072786
33169050
33360973
39909898
36895439
35394186
38478519
34536633
42129472
41536177
41053734
40047871
42248127
36461822
37321243
41336740
35712454
40890150
35498198
38323867
38720370
34315148
41700377
38935330
42328378
39457634
37089895
39252464
33831594
32920530
41622348
40730777
38045283
42276104
38649795
40813393
36965182
38487703
41112074
31883064
40067716
35884345
37079936
41838262
37011258
32651351
37314916
40018053
34164743
41776195
42439300
38606366
39874235
40305244
40660861
38665142
33973835
32615493
38678943
42154668
39202188
36039494
37978486
40932379
34918143
39638639
39142299
39363876
41468543
39613675
39807055
41315482
36059415
38928728
40165728
40986134
37623691
37760117
36118133
39953256
34671416
32121281
42229993
32560558
34370886
34683166
39871039
39941306
35957985
37231912
39506100
38002549
31676931
41775758
35743782
38850722
38141455
38519154
36307444
41326490
35085952
37892955
39752442
40395941
36437821
37555251
38882177
42381865
36481760
32185129
38782767
39371344
34235439
42381155
37145248
34404517
33937809
33065566
38152612
40863990
40672824
35978811
40232589
40000986
39515045
36190937
39839577
36633675
38723868
40355465
38083419
37228896
37362644
40154009
41409486
34127912
36150781
35657969
41380657
39795530
35342956
40735082
36215291
37565449
34072865
39281181
38473015
41289322
33670596
41336063
39973181
39020151
31417397
40996604
39139696
32387813
34456796
41714379
37018527
39854772
38151672
33962109
37965222
39380551
38329584
41325630
30529224
33286289
33599801
42010056
32168163
36841304
30418929
34838263
38587026
37980315
38399023
39653876
42375925
39006802
41297958
37251234
31905225
36219519
40647615
40166058
40468810
37843998
36523644
38093715
36319968
41605224
39920546
31575409
32757633
40961561
39697232
40868360
40591965
40660058
35144529
41772023
32527998
39287171
42364929
38878403
36832137
32425607
37547409
40003543
40964028
41696788
42174284
33203366
41561860
38233516
33573572
34892549
32884962
37685359
38845183
41894804
32952988
34885246
33791225
31529506
36528673
36898146
42330579
42351233
33547549
39812775
36081709
33224893
40504567
39680113
33350717
36743790
34926175
41750673
35326972
41212687
33304104
41491206
31038407
36310764
32705083
36756162
37760468
31011954
39793260
33185307
36152565
37046434
38366294
37032383
36285284
37021317
37106637
36890698
35035092
36964477
33635412
40191392
39978823
38446042
40320295
37576094
36502546
34322693
37174914
39705725
33974545
41340110
41183859
39970769
35985297
35278123
36570730
38110462
34507303
40907419
35509437
42069529
35911915
35250180
32348367
34957742
35020590
36255800
32191588
33547343
37490302
41733840
38565866
41939693
38693025
37103022
36370581
41924357
40833689
38576308
34790569
40293511
41334299
35265922
41719793
31098732
38272767
36641040
37404797
35307003
36473647
36461517
40415865
41298853
38156926
34429791
40445102
37552697
33617390
36141413
32916543
42014820
36072731
36998725
34888942
37763106
30536611
37479140
42215932
35755443
41430426
39232405
32655715
34613925
42085342
41827926
34135949
34423071
42473981
41252016
35962266
33141001
37523623
41206269
36303574
30477892
37370945
39263425
36004893
41473601
34909050
41326548
35009911
41330566
33079909
32623274
34113927
40833328
41659266
32749222
37389609
39105640
35190850
39541706
34149343
34617022
36462906
38481280
35813856
31691122
40148588
41132717
38473040
42034668
31946640
33078094
39336437
41851323
29993503
38409947
36708286
37606663
40180191
37179923
35864282
29993532
33433332
42302213
30506124
42204022
38866195
31947273
32750929
35342179
39409940
42185412
40356024
36785834
33259442
39076687
40403678
40967471
38134710
41903258
38852399
37723572
41145899
40695011
40469315
36345087
37063491
37274226
31482272
41339945
39802317
38820482
42289455
34574873
42054652
36752170
34522068
38424279
34785076
33007929
40564486
36084487
41273358
37468553
38238158
36357437
42105676
40218228
36544709
38611661
38615167
35463761
41330312
39776044
40996470
38390981
35903535
30898382
33588019
34619582
39478132
41296269
32533053
36005465
40196347
42510123
40965073
37954104
36129645
41569417
40026592
34898796
38724278
42415845
41111981
42034851
38091615
38723044
41656265
35320090
35061993
36256783
41612899
40335679
39540716
34842842
32322235
41419702
37581173
35194673
40243150
40858650
30447397
34376926
36981320
35295595
32703988
39586911
35094674
40696264
39108672
36505893
42428060
35720715
40535328
40810848
40813545
37485276
30954678
38927863
38372966
33553330
39863695
42027806
40818921
41945612
42027826
41897568
38801074
37274423
36206697
41486792
35406501
37272639
33740739
41965768
38077566
41103723
37707402
36976403
41604895
36335787
41870581
40627283
35146433
35774780
36692159
41619284
38201370
37414254
30821364
34483791
36306575
41336692
39502650
40124116
42218381
34102477
34818638
37858907
33420641
33665717
33848973
38046618
41602481
36773426
36682106
30654174
41647030
35402498
35982646
41339765
41254343
39857100
34482428
42134661
41679555
34089072
30299231
41659270
37891415
40384705
35213377
37940721
38102442
41000470
37370752
36381767
39335778
40647622
39067043
33202680
36263062
32446943
34773242
31689221
33932717
40351777
40940950
41749033
42233975
41594324
37776331
34763146
34337433
40926256
34536635
42324433
38672050
34336661
38515574
32583085
40932612
40800355
36099657
39230611
37936441
42332014
39538943
38767532
40809217
40122188
40754551
32692300
38195717
41659364
34412848
39853936
36052321
34432726
42470797
39760649
38744528
33298549
40199634
31982393
39639099
42414466
39333903
31350980
36059280
35693545
30799848
41965176
41144180
34395149
30471068
35536819
31850209
39980546
32545609
40839281
36033565
39795608
33974149
38002419
31003034
40902054
40771941
37711777
41463616
40592172
41585257
34519888
31538277
39986639
38777719
42173050
33006947
40642201
37781185
41022812
38095671
31821122
38632972
33585197
35465212
34108114
40753124
31901213
38435613
40180705
40652218
36854872
38461472
37547408
34552707
34513279
41337324
37623018
39896390
39482707
37797840
34286375
41595944
39390490
40828398
34268489
35027941
42145688
42110718
36819263
35943339
36717727
40056264
40807955
35077902
39044523
31416547
39876930
34042760
39578106
34090428
35100427
36879285
40486321
40727355
35551345
34894558
40487933
41540386
39600396
39712322
39168252
35286265
37311794
36334976
41461976
36612309
37981910
40470432
34638020
33561508
40269099
40651197
35291425
41551258
41411810
36423532
41691746
38666217
30676950
38607727
33643612
32508974
37651615
39148927
35328262
42110596
36334393
41174040
40038981
35887524
34287944
30773473
32598263
34442431
42300309
39863790
38163659
34911846
40596521
42420441
37729827
41535700
38466697
34741906
41155051
34640973
33663479
40824894
39730250
34227422
35378906
36267466
39518324
37407729
41619040
39776757
38746679
32977180
41396972
41487962
42057902
40926527
37688618
41515541
31669758
31837471
41029374
36198225
36168324
36990529
37362653
34018011
39199758
37161130
37056389
40986620
42249986
42034781
41160193
40461493
36495014
39580609
39970997
32429401
42264413
39533658
40903693
37251492
40595253
41270681
39190622
35451311
37332865
41653398
41410798
33708925
41336115
40665531
33882255
41200077
36644478
36505371
36030621
40030412
34530335
34227014
41360207
39687857
41865703
39027132
42184192
41435999
35360478
39507424
38832074
31698241
33846685
37795142
39897887
35940159
31425350
42054008
41947103
31718998
40423252
31741704
40649010
40706620
33984782
41418581
40181179
41466907
32524789
41256950
38684143
40106514
37724967
36083928
42337366
39264412
35772330
34134076
37451250
38785634
42215668
34833556
38703802
42156537
38417211
35382107
38108979
33285482
42294486
40256301
41822887
38996043
33885991
31199249
38548790
39388839
33981945
41444668
34657211
33735088
38430743
40629162
33719168
40405957
35360418
32896633
39489731
41792817
40594827
32222054
39557710
38245925
41314436
36434508
35064446
34715678
31899419
33763816
35043367
39074400
40842645
32886955
37696216
42258503
41708432
36209283
38684782
41714764
39220077
40888617
38236424
33682736
42353247
35392952
35090845
40000513
38623420
38789936
40595383
33392358
39025637
36301547
33221057
39178684
42063732
35919705
34325378
38470506
39382750
38687670
41835134
41364939
39451397
35753106
33788696
37760146
30662564
41068341
36179657
41044403
35878485
31592731
32989773
37891360
31352126
38530172
37567211
30948806
38991315
39695183
39958220
40474111
40399853
33679343
39376269
34418108
36507139
42248171
34644684
32109685
37951778
31762534
35281604
34449750
40965060
34450699
34655898
34450416
40828643
35099572
41134139
36057227
31375430
41801779
41116137
37204949
42073467
42510447
34839210
35334315
42362935
37046542
37046801
42505453
41706122
40382404
35305447
33321153
33787537
35328318
37090446
40377883
38045345
40760965
39452554
41788037
35867303
37869302
35069413
39973859
33279356
42025761
36134900
41408239
41188640
40776602
36829634
40274849
35978087
41033013
37979653
41861767
40315718
34388467
39795578
39089849
30712604
38915907
41780136
34200332
37509513
41091128
31608975
40963644
32982121
37838076
41459642
32203040
39143624
39932952
38910241
37283785
38864668
36052039
41868427
39088437
40747973
32743020
33169545
36054274
41067911
39061969
39804436
38528694
40903832
37964787
36923036
35808911
33694250
40817144
37661425
37455684
42156952
40647747
41155054
41801383
39435322
41620056
31768415
40438790
38802836
32499330
42431564
41170113
37022710
33323187
36846527
39962113
34064240
35172227
31190607
38273131
36052054
37498386
31865928
41681734
40539398
37746067
38159238
34621144
36656132
39231830
41912962
41336954
34012621
39649041
42477719
40739309
34042706
40367559
31119468
39333329
36828951
41891368
40889611
36192349
42001982
42139192
33643425
42404122
38941822
38707184
37196386
40068796
34274693
35177020
37238266
42279497
42415786
35535230
41586944
41491154
41071823
35689982
40235793
35606152
33194447
41803602
35382156
32831492
38878400
30924997
33545330
33921451
42158662
33409816
40141673
33885165
39379451
38592521
36900667
33706149
38705883
32505895
34142089
39202202
42149212
38711150
38860997
32471017
35838509
33979115
41337012
36869102
34198041
34574005
32959422
37508978
31828361
32502278
36564643
33932751
40511648
38082583
40800735
35885437
34092815
34778083
41923409
42224860
35654878
36873937
42344435
37759189
40479129
36680601
39164445
38262813
38510543
40941740
31087332
36085720
36604366
40481434
33546279
37504495
37466185
31081955
41548988
38104672
35464416
40718405
38725868
35069953
41691278
41924418
40458958
31923125
38304076
37803817
33529589
34441350
36351349
40146150
41879561
38343261
39403067
36672306
35157782
34450381
42171757
32864596
41214384
39875423
42018265
39059440
41015768
33043324
39058719
35204552
35288282
41336763
39419113
36836415
38878849
36675435
40993917
41518764
37477673
34198402
39002223
41557730
34924632
40651993
41153849
39060495
30652985
41204120
34720753
33757198
41948485
38423786
37773806
40753327
34425317
34143775
39511248
31637430
36512440
34945740
34249142
40595160
37732221
41439200
33303289
40779565
40622194
36900339
38346370
33770561
37431438
40890345
41827964
39544176
33821166
38588676
40421138
34049336
35390746
35063892
33687839
41322394
41348786
40071096
34536634
38660148
36238476
42415301
37015701
40945002
41116179
39009636
42168286
39530647
40597079
33199977
39851338
35909590
41356670
41667673
38083012
31153390
32352039
34249680
36033583
40095839
32733955
36086219
42093931
41057720
39100455
39412613
40428171
41857509
38114849
35833351
33302162
39560185
35581408
33621179
33514852
36199795
35598831
35561701
36290867
40157428
38786294
36337881
39398346
40049526
36243705
42312470
38049657
42156925
39494363
42011796
33767226
40610298
40804828
37934345
34806195
34083655
38460976
40621608
37745529
40330715
36728678
36265933
41936289
41698177
38703470
36831891
42295635
39443517
37978548
33425046
41839937
40912354
37517314
35709559
42106496
39586897
36611368
40925681
40710630
41980627
32755895
35746208
31982789
39760844
31619949
36126660
31080211
37876961
36299266
42448906
36315381
38569980
42404827
41354103
42346917
41860312
33562011
33317871
35384552
36843903
39623970
32173583
35769667
41749213
32337640
41249548
33198415
31946036
42477097
42214387
41289720
37046538
38587766
41439587
40346391
39144024
37328753
39973780
41568943
35975618
35103420
33996237
40402291
39792162
36552061
34287951
41999341
35420299
37146265
35953588
32953730
33053202
41569180
39051137
31946028
39686597
32444412
42486379
36343061
37923626
41639936
34413967
41862759
37795610
38492797
38346744
40099145
35892518
41764935
41335685
37396440
41691132
35079228
37051194
37668089
41076471
40635011
41844777
38834787
42351598
34616895
39612633
38186951
42445068
35991920
40788922
38763020
37362765
38083206
34108787
31950330
36248685
41038241
41884659
40384696
35985188
39177855
35368292
35360265
37134000
38875572
34177037
38274402
36202023
37179937
40996364
42270745
42315273
31557361
39500982
38519489
37892075
42236608
39224922
39961132
37553619
37208407
38401407
38223737
38744013
40113490
30497907
37939533
41209247
36978711
41680400
38464881
41274951
34615666
42085916
40235812
41293704
41862760
39640934
40095018
32488865
42414719
40301288
41536425
41357266
41261016
36085330
33834092
41955752
38912404
40918039
39201090
41052129
41489070
38821263
32721409
41595978
38754151
40082126
37151901
40560044
36959806
38899013
39457700
38261934
39609283
35878722
33550010
39571504
34655259
37172946
36734478
37443600
42079833
36725719
38955358
32887391
40952877
37816301
34435702
40279875
41079030
40316718
40288525
39330455
33581624
32749555
34070579
34812388
37425349
35583712
40410254
41261209
37523918
37670066
32801096
38734629
42306236
31323597
40991056
32796198
37810355
38303477
40160632
40665334
38323840
38116237
37875746
41506130
38842692
37953911
35064786
30306701
34892014
32528215
41870548
40166584
40361490
42172792
31468158
35005197
40146270
35009793
34276114
38487347
40435723
38466701
36972072
31768885
41150037
39256746
42487901
33937439
40684709
32280729
37568868
40361898
42451406
33191476
40981992
33336093
41896127
32181729
33459907
42405518
42105087
39893881
35406419
41142702
42085489
35442886
37056345
33019208
37726561
31172331
40915095
37295902
39962097
40277606
34952535
39816708
40736362
40892131
37089598
41593159
38405206
40255031
37869090
31947385
39378579
38823365
30900029
40646489
41047458
36264314
34785991
41790163
37395800
41799028
40418616
41282733
37713022
39713730
39038716
37434729
33578089
41027951
41336359
35447195
40249992
33520007
40957691
35494041
41254314
34035193
35801446
40596973
39896088
33039971
38927816
34988593
41042858
33018367
39399584
39061725
39001223
35453855
39777258
38740120
31401723
33774272
41441387
41359160
38311126
41172671
42265282
35999467
41380785
40108817
32694451
40075715
36304332
39664893
33404516
41062585
31221034
30399507
39904191
36180066
35243343
41781262
35725824
41251738
37010777
38177156
37443670
33031250
38791023
34086716
39834934
39952550
36029551
40963573
36661691
31720307
40349723
30098123
38337771
40633400
36158659
40657529
32730214
34293095
36056069
42133714
31916105
37029169
31744039
42240646
35207797
40103468
38928633
37668941
38789970
37940474
37510967
41563664
40679754
38355040
40587926
35372415
42168501
33991170
41729404
37488094
41312172
32694449
35371983
40997452
34245203
37969262
37201442
34219953
32055946
40009163
37279185
30430422
34883343
41220354
33919358
31342192
41071130
37453274
41295086
40573532
39077759
35756960
40144139
42401645
38077590
39228827
41062735
31002381
34246848
40039474
34212255
39448114
34095073
42400646
36944601
38206839
39003228
40054167
39447001
34734889
42194286
40746804
33560190
35388950
41501139
33082502
42309650
41318692
40411540
36245930
32293775
32556920
36135403
34318502
33250589
30199417
34191159
39728900
40754881
41264978
40050617
39136960
40409764
35013502
39511229
42086316
38605245
38294324
40592210
38976703
39591710
41023188
37456326
40480552
41883532
40926670
38373931
41864971
36929398
40979208
37514624
40449047
34736173
37841738
40779830
35272217
42194327
41948063
38269939
39471474
35684587
39594224
36404568
31921971
37356488
40883826
38223259
39387348
35584757
37845380
37222027
41646662
39965414
36169966
38574982
34687347
32439844
38077564
41610279
33582175
36516516
31970706
37124508
38559705
34381586
41186985
38659641
39738168
42330676
39604452
41595769
40100537
38019564
40001700
40248124
34266391
31780395
34188605
40831714
40844084
39624040
40361401
41173764
41241185
34891736
41156170
33638189
33738639
32761899
36712355
40155859
40494002
36120746
31913272
39593754
36010373
42113438
39247217
32836613
38236665
38717516
38329565
32495125
36526680
40542584
34855604
42518791
40488539
41915536
42279616
33623929
39406579
33916035
36346095
42069855
35320771
41608726
41321026
40297357
42279565
41560935
35020016
40615947
35843726
40690835
42301690
40020875
33492598
33418117
34439623
35976392
36629980
37486440
38886289
37413855
34300667
40059243
37413977
41558396
32076659
41312140
35394183
37037147
42063793
32737389
37964049
32926392
36204533
31474816
39293786
39043755
34033550
33062453
38415468
40563741
34191590
37708019
31360599
40068625
40596996
38288101
38827049
35495882
34778056
35260715
34669702
42039728
37789252
37480549
38014038
35909203
39840147
34049268
37175045
38035411
39060444
41957071
32953512
38937280
38344118
37928819
39881302
39521273
40616778
32702895
34822325
39557690
39899269
34763810
41702176
37300935
35461128
38128040
36440818
40206480
40371075
39383749
40467374
40664863
41917243
41471551
35101727
36283656
42351048
36908250
41530241
31816152
39233005
35462631
37132318
37581714
39700845
39546213
34394762
36338581
34345248
40937455
42272654
35996653
36458946
32524219
36763843
37158943
41796125
40008976
35251762
41649392
34873672
34324425
33678623
38482055
33129343
35910809
41827308
35043611
34075341
41994558
37362724
36140475
33656574
37907818
37240793
34617026
33159279
36447954
36085607
39369206
36207089
41800183
35722028
40144549
38851543
38536712
38587770
39792163
40735086
35239494
40384349
40088296
41970572
40777837
37046576
41826857
35287616
40533703
40462742
33816957
35002014
32784681
36177618
37043319
35063711
39934192
35800237
38530836
36622401
32559211
42058985
31096135
35713606
34598000
37456691
34490082
37106662
41927820
37754944
37161172
40677387
36253581
39995734
34751744
41965397
41973202
37238207
41131201
39665087
40735097
38106268
40592990
32259762
34206336
38491333
32746057
41202049
34350052
36793539
36970908
34804450
40258606
35047149
42243289
42174531
36527276
42177481
31710775
34350410
38744901
39209988
37372646
32096706
37068317
34263624
34943443
37697236
32255417
39789187
38083165
33320858
36064682
41331299
41982621
34784540
42073521
42396139
37142819
35510177
33649375
38232396
40721052
37606573
37933461
35314636
41613420
41981147
37627946
34062633
38059336
32841766
39735883
35290646
37483538
34336600
41441964
40481307
31220358
41023237
32976486
33086589
40894269
41988735
40342794
38868458
42351452
38167564
37910117
39095532
41718661
36693359
37499296
41827922
35115991
33565027
32889091
40253455
41849942
36437762
42454147
42248053
32296645
40198972
40386561
37760413
41348562
42187401
36978011
32613598
35311127
41756036
39472819
37722143
35692429
37001583
37018304
38429443
36424437
37354807
30870733
33075675
40665016
33723584
33276433
38862820
33584183
34040276
41081166
39698706
33117612
38673597
40100034
39969278
34870211
39001268
40252479
35614363
40686829
38664436
41695935
40160627
39448110
37358613
38006648
34859704
36457806
39063991
37055334
41453592
33018193
34530336
41621202
37014502
42365183
41699993
36926411
41005259
34999414
36033453
36097497
34563507
38442054
34931154
37804318
41310134
35677026
35939301
40306292
41374378
37214240
41081196
36016288
38485214
39987169
37025385
41779309
41515592
40121488
40014880
36712319
40712852
32730918
38545050
32562286
37711207
39851428
39436529
39890480
39014982
35621895
37448515
40654621
41288930
33317528
35756412
33148512
38912007
37122858
38393882
41319398
38146977
40853715
37362230
41474500
40753351
42268762
42205132
36959318
41702230
41227066
33819478
40421093
41091157
34506979
42107149
41013168
35612228
31466398
35461974
41437107
39815841
33591476
38198251
39206118
41699156
31552787
41402447
38262476
42256489
37223677
39301549
42459075
38082740
39565918
31083289
39061420
41687434
41602983
40233676
37740046
35573265
37507610
40594886
35568690
32318015
32443922
33013292
40735088
34601899
37134002
41068102
40910023
41682609
42072847
41978841
40637704
37081528
40116947
39036101
41337183
38002391
40761567
41127040
31129095
39893512
34157470
32372384
37680621
36327857
38759091
38419661
42008386
38363664
40489267
34892432
41258693
37693178
36672999
35914362
35674825
36926367
37772663
36203247
39390010
40706626
40039638
